"Date","Time","Open","High","Low","Close","Volume","MACD","MACDAvg","MACDDiff","RSI","SlowK","SlowD","FastAvg","SlowAvg","DistF","DistS","FGS","FLS","OpenBar"
05/10/2002,17:15,81.9500,83.6900,81.4600,83.6300,25828,0.109288,0.021858,0.087430,74.05,86.06,82.73,81.4750,80.7134,2.1550,2.9166,2,0,0
05/17/2002,17:15,83.3900,85.1800,83.1000,83.8200,34212,0.208823,0.059251,0.149573,74.40,87.39,84.84,81.8910,80.6906,1.9290,3.1294,3,0,0
05/24/2002,17:15,83.8400,83.8800,82.4500,82.4800,21332,0.177533,0.082907,0.094626,67.40,83.59,85.68,82.1060,80.6330,0.3740,1.8470,4,0,0
05/31/2002,17:15,82.2300,82.3600,81.2700,81.9100,22491,0.105524,0.087430,0.018093,64.61,73.01,81.33,82.2300,80.5636,0.3200,1.3464,5,0,0
06/07/2002,17:15,81.8600,82.0500,81.2400,81.3500,31043,0.003232,0.070591,-0.067359,61.90,61.20,72.60,82.1570,80.5232,0.8070,0.8268,6,0,0
06/14/2002,17:15,81.1100,82.5400,80.7100,82.5400,13022,0.017981,0.060069,-0.042088,65.23,56.01,63.41,82.2130,80.5116,0.3270,2.0284,7,0,0
06/21/2002,17:15,82.6300,82.9000,81.8000,82.1300,15599,-0.003376,0.047380,-0.050756,63.18,50.13,55.78,82.5020,80.4526,0.3720,1.6774,8,0,0
06/28/2002,17:15,82.0100,83.2500,82.0100,83.1700,24965,0.062894,0.050483,0.012411,66.10,56.79,54.31,82.6040,80.4488,0.5660,2.7212,9,0,0
07/05/2002,17:15,83.2000,83.4600,82.8100,83.1100,9405,0.109311,0.062248,0.047063,65.77,59.99,55.64,82.6400,80.4478,0.4700,2.6622,10,0,0
07/12/2002,17:15,83.0800,83.7900,82.0400,83.7900,20016,0.198677,0.089534,0.109143,67.70,69.30,62.03,82.7930,80.4388,0.9970,3.3512,11,0,0
07/19/2002,17:15,83.9100,84.4100,83.3100,84.1500,23442,0.295147,0.130657,0.164491,68.71,74.33,67.87,82.8450,80.4250,1.3050,3.7250,12,0,0
07/26/2002,17:15,83.9600,83.9600,82.4200,82.7500,25049,0.255685,0.155662,0.100022,60.78,69.73,71.12,82.7380,80.3746,0.0120,2.3754,13,0,0
08/02/2002,17:15,82.7300,83.7900,82.2100,83.0500,17666,0.245785,0.173687,0.072098,61.80,61.58,68.54,82.7950,80.3642,0.2550,2.6858,14,0,0
08/09/2002,17:15,83.0400,83.3800,82.6700,83.0700,8028,0.236823,0.186314,0.050509,61.87,50.26,60.52,82.9110,80.3284,0.1590,2.7416,15,0,0
08/16/2002,17:15,83.1100,85.5400,82.9700,85.5400,19760,0.424139,0.233879,0.190260,69.43,69.21,60.35,83.3300,80.3360,2.2100,5.2040,16,0,0
08/23/2002,17:15,85.5200,86.9400,85.3100,86.1800,21036,0.617118,0.310527,0.306591,71.03,81.52,67.00,83.6940,80.3398,2.4860,5.8402,17,0,0
08/30/2002,17:15,86.2300,87.1800,85.7000,86.5300,20051,0.789200,0.406262,0.382938,71.89,91.96,80.89,84.1340,80.3208,2.3960,6.2092,18,0,0
09/06/2002,17:15,86.5500,87.4200,85.1700,87.1600,24066,0.965284,0.518066,0.447218,73.44,91.40,88.29,84.5330,80.3926,2.6270,6.7674,19,0,0
09/13/2002,17:15,87.1200,87.7500,86.3800,87.3600,17663,1.108196,0.636092,0.472104,73.92,93.57,92.31,84.9580,80.5192,2.4020,6.8408,20,0,0
09/20/2002,17:15,87.3300,87.4800,85.7900,87.1500,26742,1.190783,0.747030,0.443753,72.42,93.65,92.87,85.2940,80.6576,1.8560,6.4924,21,0,0
09/27/2002,17:15,87.3100,88.7000,87.3100,87.8500,25688,1.297759,0.857176,0.440582,74.30,90.65,92.63,85.6640,80.8126,2.1860,7.0374,22,0,0
10/04/2002,17:15,88.0200,88.3600,86.9200,86.9300,25160,1.293391,0.944419,0.348972,67.76,83.32,89.21,86.0820,80.9604,0.8480,5.9696,23,0,0
10/11/2002,17:15,87.0300,87.4100,86.1100,86.6800,22778,1.255287,1.006593,0.248695,66.06,76.81,83.59,86.4450,81.1078,0.2350,5.5722,24,0,0
10/18/2002,17:15,86.7600,87.5100,86.4400,86.9100,14382,1.229476,1.051169,0.178307,66.88,71.83,77.32,86.8290,81.2968,0.0810,5.6132,25,0,0
10/25/2002,17:15,86.7300,86.8100,84.2100,84.2100,25974,0.979858,1.036907,-0.057049,51.18,57.74,68.79,86.6960,81.3910,2.4860,2.8190,26,0,0
11/01/2002,17:15,84.2800,84.7200,83.8500,84.2900,27027,0.779503,0.985426,-0.205923,51.54,45.10,58.22,86.5070,81.5686,2.2170,2.7214,27,0,0
11/08/2002,17:15,84.1300,84.2500,82.4000,82.9400,30599,0.505955,0.889532,-0.383577,45.40,23.96,42.27,86.1480,81.7074,3.2080,1.2326,28,0,0
11/15/2002,17:15,82.8600,83.4300,82.2600,82.6700,17961,0.264332,0.764492,-0.500160,44.27,15.76,28.27,85.6990,81.8312,3.0290,0.8388,29,0,0
11/22/2002,17:15,82.6900,84.8000,82.6800,84.8000,25395,0.241928,0.659979,-0.418051,54.03,18.20,19.31,85.4430,82.0056,0.6430,2.7944,30,0,0
11/29/2002,17:15,84.8900,85.1600,84.0800,84.9300,14174,0.231989,0.574381,-0.342392,54.55,29.09,21.01,85.2210,82.1818,0.2910,2.7482,31,0,0
12/06/2002,17:15,84.9400,85.7500,84.7500,84.9700,24899,0.224749,0.504455,-0.279706,54.73,40.99,29.43,84.9330,82.3562,0.0370,2.6138,32,0,0
12/13/2002,17:15,85.1400,86.6500,84.9400,86.4800,28755,0.336971,0.470958,-0.133987,60.73,49.69,39.92,84.8880,82.5450,1.5920,3.9350,33,0,0
12/20/2002,17:15,86.6600,89.3000,86.6500,88.7100,26896,0.598946,0.496556,0.102390,67.56,67.17,52.62,85.0910,82.7542,3.6190,5.9558,34,0,0
12/27/2002,17:15,88.8200,91.1400,88.8200,91.1300,14757,0.990420,0.595328,0.395092,73.05,87.39,68.08,85.5130,83.0378,5.6170,8.0922,35,0,0
01/03/2003,17:15,89.8100,91.4900,89.0400,91.4900,21868,1.314561,0.739175,0.575386,73.76,97.61,84.06,86.2410,83.3722,5.2490,8.1178,36,0,0
01/10/2003,17:15,91.4900,91.7400,88.6200,90.0900,38598,1.441857,0.879711,0.562145,66.42,93.98,93.00,86.8210,83.6520,3.2690,6.4380,37,0,0
01/17/2003,17:15,89.7100,92.3200,89.6100,92.3200,28576,1.703050,1.044379,0.658671,71.32,94.26,95.29,87.7590,83.9686,4.5610,8.3514,38,0,0
01/24/2003,17:15,92.0600,93.3200,91.5900,93.1100,25187,1.951300,1.225763,0.725537,72.83,93.92,94.06,88.8030,84.3034,4.3070,8.8066,39,0,0
01/31/2003,17:15,93.1700,93.7100,92.1200,93.3400,29747,2.141909,1.408992,0.732917,73.27,98.22,95.47,89.6570,84.6190,3.6830,8.7210,40,0,0
02/07/2003,17:15,93.1600,94.9500,92.3800,94.9500,25004,2.395270,1.606248,0.789022,76.19,98.35,96.83,90.6590,84.9802,4.2910,9.9698,41,0,0
02/14/2003,17:15,94.7300,96.6300,94.1700,96.6300,21942,2.700493,1.825097,0.875396,78.79,99.04,98.54,91.8250,85.3484,4.8050,11.2816,42,0,0
02/21/2003,17:15,96.3200,97.0400,95.7400,96.6200,15740,2.908055,2.041689,0.866367,78.73,98.99,98.79,92.8390,85.6876,3.7810,10.9324,43,0,0
02/28/2003,17:15,96.5100,99.7800,96.5100,97.6400,34684,3.118902,2.257131,0.861771,80.25,94.24,97.42,93.7320,86.0338,3.9080,11.6062,44,0,0
03/07/2003,17:15,97.4900,98.8200,96.6200,98.8200,22350,3.342684,2.474242,0.868442,81.86,92.19,95.14,94.5010,86.3968,4.3190,12.4232,45,0,0
03/14/2003,17:15,98.8200,99.2400,95.2600,96.4200,24055,3.288465,2.637087,0.651379,69.44,85.82,90.75,94.9940,86.6836,1.4260,9.7364,46,0,0
03/21/2003,17:15,97.0200,97.9900,88.4400,88.4400,38128,2.571930,2.624055,-0.052125,45.00,63.58,80.53,94.8290,86.8128,6.3890,1.6272,47,0,0
03/28/2003,17:15,88.9000,92.5800,88.7400,91.6900,35403,2.240491,2.547342,-0.306851,52.35,42.02,63.81,94.7660,87.0618,3.0760,4.6282,48,0,0
04/04/2003,17:15,91.7700,92.8500,89.1900,90.1500,33275,1.832435,2.404361,-0.571926,49.01,18.85,41.49,94.4700,87.2218,4.3200,2.9282,49,0,0
04/11/2003,17:15,89.5300,90.4500,88.5500,89.6700,24585,1.453560,2.214201,-0.760641,47.98,18.20,26.36,94.1030,87.3602,4.4330,2.3098,50,0,0
04/18/2003,17:15,89.6800,92.0800,89.1000,92.0800,10146,1.332407,2.037842,-0.705435,53.28,19.34,18.80,93.8160,87.5566,1.7360,4.5234,51,0,0
04/25/2003,17:15,91.7800,92.4000,89.7100,89.7100,21138,1.033242,1.836922,-0.803680,48.09,18.05,18.53,93.1240,87.6782,3.4140,2.0318,52,0,0
05/02/2003,17:15,89.6500,90.0500,88.4900,89.1200,19936,0.740013,1.617540,-0.877527,46.87,16.43,17.94,92.3740,87.7842,3.2540,1.3358,53,0,0
05/09/2003,17:15,89.9600,91.1700,89.0700,91.1700,19527,0.665375,1.427107,-0.761732,51.49,13.76,16.08,91.7270,87.9580,0.5570,3.2120,54,0,0
05/16/2003,17:15,91.0400,92.6700,90.7100,92.5900,16837,0.712592,1.284204,-0.571612,54.44,22.22,17.47,91.1040,88.1716,1.4860,4.4184,55,0,0
05/23/2003,17:15,92.6100,93.6500,91.7500,93.4800,16434,0.812461,1.189856,-0.377394,56.24,35.04,23.67,90.8100,88.4142,2.6700,5.0658,56,0,0
05/30/2003,17:15,93.5800,93.6400,92.8200,93.3400,10608,0.870280,1.125940,-0.255661,55.87,41.42,32.89,91.3000,88.6302,2.0400,4.7098,57,0,0
06/06/2003,17:15,94.9700,95.1000,94.9700,95.0800,13954,1.044465,1.109645,-0.065180,59.48,49.52,41.99,91.6390,88.8892,3.4410,6.1908,58,0,0
06/13/2003,17:15,95.7200,96.5600,94.9700,94.9700,14693,1.160257,1.119768,0.040489,59.15,54.86,48.60,92.1210,89.1252,2.8490,5.8448,59,0,0
06/20/2003,17:15,94.8200,95.5000,92.7200,93.8000,13517,1.144422,1.124698,0.019723,55.62,59.49,54.62,92.5340,89.3390,1.2660,4.4610,60,0,0
06/27/2003,17:15,95.1900,95.4200,94.4400,94.6600,14707,1.187577,1.137274,0.050303,57.62,63.55,59.30,92.7920,89.5564,1.8680,5.1036,61,0,0
07/04/2003,17:15,95.7800,96.0600,95.7100,95.8000,17784,1.298795,1.169578,0.129217,60.18,73.34,65.46,93.4010,89.7894,2.3990,6.0106,62,0,0
07/11/2003,17:15,95.8100,96.9400,95.2400,96.9400,17013,1.462071,1.228077,0.233994,62.61,89.18,75.36,94.1830,90.0732,2.7570,6.8668,63,0,0
07/18/2003,17:15,97.0000,97.3100,96.6900,97.1100,10964,1.586893,1.299840,0.287053,62.98,96.21,86.24,94.7770,90.3544,2.3330,6.7556,64,0,0
07/25/2003,17:15,97.3800,97.3900,96.0800,96.5300,15437,1.620336,1.363939,0.256396,60.81,95.95,93.78,95.1710,90.6236,1.3590,5.9064,65,0,0
08/01/2003,17:15,96.3300,98.6700,96.0400,98.6700,17601,1.798784,1.450908,0.347876,65.53,96.20,96.12,95.6900,90.8862,2.9800,7.7838,66,0,0
08/08/2003,17:15,98.5100,99.1600,98.0300,98.2800,26787,1.886984,1.538123,0.348861,64.01,94.03,95.40,96.1840,91.1282,2.0960,7.1518,67,0,0
08/15/2003,17:15,98.5000,98.5200,97.0800,97.4100,13936,1.865181,1.603535,0.261646,60.65,90.84,93.69,96.4170,91.3458,0.9930,6.0642,68,0,0
08/22/2003,17:15,97.6700,98.2100,96.8000,98.0600,20167,1.878695,1.658567,0.220128,62.25,85.63,90.17,96.7260,91.5638,1.3340,6.4962,69,0,0
08/29/2003,17:15,98.1600,98.4200,97.3800,97.7900,15226,1.846335,1.696121,0.150214,61.14,81.08,85.85,97.1250,91.7724,0.6650,6.0176,70,0,0
09/05/2003,17:15,97.5000,97.6200,94.8800,95.1000,18376,1.585354,1.673967,-0.088614,51.32,67.82,78.17,97.1690,91.9314,2.0690,3.1686,71,0,0
09/12/2003,17:15,95.1500,95.7400,94.4900,94.4900,15960,1.314154,1.602004,-0.287851,49.38,47.72,65.54,97.0380,92.0642,2.5480,2.4258,72,0,0
09/19/2003,17:15,94.5200,94.6100,92.8800,93.2500,14481,0.987781,1.479160,-0.491378,45.62,24.22,46.59,96.6690,92.1906,3.4190,1.0594,73,0,0
09/26/2003,17:15,93.1900,94.6900,92.9200,94.1500,32411,0.792615,1.341851,-0.549236,48.68,18.63,30.19,96.3730,92.3400,2.2230,1.8100,74,0,0
10/03/2003,17:15,94.2300,96.3900,94.2300,96.3900,24624,0.809363,1.235353,-0.425990,55.40,27.95,23.60,96.3590,92.5296,0.0310,3.8604,75,0,0
10/10/2003,17:15,96.5000,97.9600,95.4700,97.9600,32780,0.938504,1.175983,-0.237480,59.42,52.34,32.97,96.2880,92.8046,1.6720,5.1554,76,0,0
10/17/2003,17:15,97.9600,98.0300,96.6700,96.6700,13910,0.926081,1.126003,-0.199922,55.03,65.71,48.66,96.1270,93.0522,0.5430,3.6178,77,0,0
10/24/2003,17:15,96.6600,96.6600,95.5300,96.0100,29397,0.853145,1.071431,-0.218286,52.88,63.69,60.58,95.9870,93.3136,0.0230,2.6964,78,0,0
10/31/2003,17:15,95.9500,96.1700,94.2700,94.9600,40664,0.702519,0.997649,-0.295130,49.57,47.77,59.06,95.6770,93.5594,0.7170,1.4006,79,0,0
11/07/2003,17:15,94.9800,96.7000,94.4800,96.7000,27161,0.715304,0.941180,-0.225876,54.64,47.93,53.13,95.5680,93.7974,1.1320,2.9026,80,0,0
11/14/2003,17:15,96.9900,98.2200,96.5900,98.2200,23239,0.838422,0.920628,-0.082206,58.57,61.76,52.49,95.8800,94.0632,2.3400,4.1568,81,0,0
11/21/2003,17:15,98.2200,99.1200,97.2300,98.4600,23773,0.944474,0.925397,0.019076,59.17,81.17,63.62,96.2770,94.3330,2.1830,4.1270,82,0,0
11/28/2003,17:15,98.3200,98.3200,96.6000,97.2600,18955,0.921072,0.924532,-0.003460,54.88,84.44,75.79,96.6780,94.5486,0.5820,2.7114,83,0,0
12/05/2003,17:15,97.1100,98.2300,96.5100,97.5800,35156,0.917769,0.923180,-0.005411,55.80,78.31,81.31,97.0210,94.7260,0.5590,2.8540,84,0,0
12/12/2003,17:15,97.5100,99.8900,97.4800,99.8900,25886,1.088995,0.956343,0.132652,61.85,82.56,81.77,97.3710,94.9012,2.5190,4.9888,85,0,0
12/19/2003,17:15,98.8900,100.7800,98.5900,99.8700,23813,1.209141,1.006902,0.202239,61.77,88.42,83.09,97.5620,95.0688,2.3080,4.8012,86,0,0
12/26/2003,17:15,99.7500,99.8400,98.7300,99.7100,9652,1.276729,1.060868,0.215862,61.10,91.30,87.43,97.8660,95.2612,1.8440,4.4488,87,0,0
01/02/2004,17:15,99.6000,99.6000,99.1200,99.4400,10158,1.293595,1.107413,0.186182,59.92,85.12,88.28,98.2090,95.4036,1.2310,4.0364,88,0,0
01/09/2004,17:15,99.2500,101.5200,99.1200,101.1600,40709,1.429275,1.171786,0.257490,64.61,87.21,87.88,98.8290,95.5646,2.3310,5.5954,89,0,0
01/16/2004,17:15,101.2000,102.2600,100.3500,101.9200,25176,1.579916,1.253412,0.326504,66.48,90.64,87.66,99.3510,95.7362,2.5690,6.1838,90,0,0
01/23/2004,17:15,101.7700,103.3800,101.7700,103.1200,30504,1.775662,1.357862,0.417800,69.24,96.06,91.30,99.8410,95.8996,3.2790,7.2204,91,0,0
01/30/2004,17:15,102.9700,102.9700,100.9800,101.2300,32018,1.758018,1.437893,0.320125,60.75,89.51,92.07,100.1180,95.9916,1.1120,5.2384,92,0,0
02/06/2004,17:15,101.3800,103.2300,100.6600,100.6600,28812,1.678691,1.486053,0.192638,58.43,81.08,88.88,100.4580,96.0724,0.2020,4.5876,93,0,0
02/13/2004,17:15,100.5300,102.7400,100.4300,102.7400,24948,1.763336,1.541509,0.221826,63.86,77.85,82.82,100.9740,96.1744,1.7660,6.5656,94,0,0
02/20/2004,17:15,102.6600,104.1800,102.5100,103.7800,12427,1.892520,1.611712,0.280809,66.24,83.96,80.97,101.3630,96.2736,2.4170,7.5064,95,0,0
02/27/2004,17:15,103.7900,105.6800,103.5500,105.6800,24198,2.123733,1.714116,0.409617,70.11,95.61,85.81,101.9440,96.4588,3.7360,9.2212,96,0,0
03/05/2004,17:15,105.6800,106.7800,105.2000,106.7800,22238,2.368430,1.844979,0.523452,72.10,98.52,92.70,102.6510,96.8256,4.1290,9.9544,97,0,0
03/12/2004,17:15,106.7800,106.9400,105.6200,105.7100,24895,2.447798,1.965543,0.482255,67.40,95.74,96.63,103.2780,97.1060,2.4320,8.6040,98,0,0
03/19/2004,17:15,105.6700,107.7700,105.3700,107.6000,21405,2.632854,2.099005,0.533849,71.00,95.16,96.48,103.9220,97.4550,3.6780,10.1450,99,0,0
03/26/2004,17:15,107.6100,107.6100,105.1200,105.4900,33968,2.579518,2.195108,0.384411,62.67,86.71,92.54,104.2790,97.7714,1.2110,7.7186,100,0,0
04/02/2004,17:15,105.4400,106.5300,103.5100,104.1500,44595,2.401440,2.236374,0.165066,58.02,77.41,86.42,104.3820,98.0128,0.2320,6.1372,101,0,0
04/09/2004,17:15,103.9600,106.9000,103.6900,106.9000,22961,2.453927,2.279885,0.174042,63.94,74.30,79.47,104.9490,98.3566,1.9510,8.5434,102,0,0
04/16/2004,17:15,107.0000,107.6900,106.2000,107.5000,22072,2.514947,2.326897,0.188050,65.09,80.74,77.48,105.6330,98.7242,1.8670,8.7758,103,0,0
04/23/2004,17:15,107.4100,107.8400,106.1300,106.8900,32414,2.485433,2.358604,0.126829,62.89,91.10,82.05,106.0480,99.0386,0.8420,7.8514,104,0,0
04/30/2004,17:15,107.1800,108.2600,107.0800,107.8100,32319,2.507376,2.388359,0.119018,64.82,92.63,88.16,106.4510,99.3430,1.3590,8.4670,105,0,0
05/07/2004,17:15,107.8200,110.4000,107.7800,110.3600,29742,2.699413,2.450570,0.248843,69.57,94.29,92.67,106.9190,99.6806,3.4410,10.6794,106,0,0
05/14/2004,17:15,110.2700,111.8800,108.7100,111.8100,38344,2.934776,2.547411,0.387365,71.89,98.09,95.00,107.4220,100.0500,4.3880,11.7600,107,0,0
05/21/2004,17:15,111.7100,112.2800,110.4800,110.4800,29503,2.979636,2.633856,0.345780,66.85,93.88,95.42,107.8990,100.3580,2.5810,10.1220,108,0,0
05/28/2004,17:15,110.5500,112.3800,109.6100,110.4300,43416,2.976838,2.702452,0.274385,66.66,87.30,93.09,108.1820,100.6672,2.2480,9.7628,109,0,0
06/04/2004,17:15,110.9500,113.0000,109.0400,109.0400,49376,2.829838,2.727929,0.101909,61.46,72.59,84.59,108.5370,100.9720,0.5030,8.0680,110,0,0
06/11/2004,17:15,108.9900,109.6900,107.3000,109.0000,35546,2.679228,2.718189,-0.038961,61.31,64.42,74.77,109.0220,101.2588,0.0220,7.7412,111,0,0
06/18/2004,17:15,108.8200,109.3800,107.6000,109.3000,22993,2.554627,2.685477,-0.130849,62.05,59.04,65.35,109.2620,101.5288,0.0380,7.7712,112,0,0
06/25/2004,17:15,109.2000,109.5700,107.8500,107.9600,27735,2.320999,2.612581,-0.291582,56.82,55.25,59.57,109.3080,101.7492,1.3480,6.2108,113,0,0
07/02/2004,17:15,107.7000,109.2000,105.9300,108.8000,33334,2.178515,2.525768,-0.347253,59.15,54.55,56.28,109.4990,101.9830,0.6990,6.8170,114,0,0
07/09/2004,17:15,109.2000,110.8500,109.1600,110.3700,27961,2.167298,2.454074,-0.286776,63.14,58.04,55.95,109.7550,102.2598,0.6150,8.1102,115,0,0
07/16/2004,17:15,110.1700,111.6600,109.4400,111.6600,21371,2.236717,2.410603,-0.173885,66.07,68.42,60.34,109.8850,102.5196,1.7750,9.1404,116,0,0
07/23/2004,17:15,111.6000,112.7100,110.9200,112.5400,23646,2.335815,2.395645,-0.059830,67.95,81.11,69.19,109.9580,102.8048,2.5820,9.7352,117,0,0
07/30/2004,17:15,112.5800,114.6300,112.1400,114.6300,29885,2.553561,2.427228,0.126333,71.91,92.12,80.55,110.3730,103.1492,4.2570,11.4808,118,0,0
08/06/2004,17:15,114.5200,115.6000,113.4500,114.7800,34238,2.707025,2.483188,0.223837,72.18,94.97,89.40,110.8080,103.4836,3.9720,11.2964,119,0,0
08/13/2004,17:15,114.6400,117.4100,114.3800,117.4100,26810,3.006211,2.587792,0.418419,76.40,97.25,94.78,111.6450,103.8760,5.7650,13.5340,120,0,0
08/20/2004,17:15,117.4300,120.1600,116.5200,118.6900,37818,3.308466,2.731927,0.576539,78.14,93.53,95.25,112.6140,104.3478,6.0760,14.3422,121,0,0
08/27/2004,17:15,118.7800,119.1900,114.7700,115.1500,43607,3.225179,2.830577,0.394601,64.08,83.78,91.52,113.1990,104.7610,1.9510,10.3890,122,0,0
09/03/2004,17:15,115.2800,116.7600,113.6900,115.9600,38148,3.187787,2.902019,0.285767,65.60,74.98,84.10,113.9990,105.2152,1.9610,10.7448,123,0,0
09/10/2004,17:15,116.0400,117.0600,114.4600,114.7800,29749,3.028032,2.927222,0.100810,61.51,65.82,74.86,114.5970,105.6278,0.1830,9.1522,124,0,0
09/17/2004,17:15,115.1000,117.5600,114.9200,117.5600,39496,3.090126,2.959803,0.130324,66.77,71.47,70.76,115.3160,106.0512,2.2440,11.5088,125,0,0
09/24/2004,17:15,117.5600,121.1900,117.4500,121.1900,38851,3.393133,3.046469,0.346665,72.13,81.75,73.01,116.2690,106.5158,4.9210,14.6742,126,0,0
10/01/2004,17:15,121.0600,122.7800,120.9500,122.4300,45224,3.690781,3.175331,0.515450,73.69,93.63,82.28,117.2580,107.0310,5.1720,15.3990,127,0,0
10/08/2004,17:15,122.2100,125.6200,121.7500,125.6200,45641,4.136394,3.367544,0.768850,77.23,99.28,91.55,118.3570,107.6232,7.2630,17.9968,128,0,0
10/15/2004,17:15,125.5000,127.2400,123.8000,127.2400,44077,4.567613,3.607558,0.960056,78.79,99.32,97.41,119.6030,108.2688,7.6370,18.9712,129,0,0
10/22/2004,17:15,127.1100,128.1000,124.9000,128.1000,34969,4.922015,3.870449,1.051565,79.59,100.00,99.53,120.6720,108.8968,7.4280,19.2032,130,0,0
10/29/2004,17:15,127.9800,128.6000,123.4000,124.6900,57292,4.871565,4.070672,0.800893,68.56,92.40,97.24,121.2720,109.4262,3.4180,15.2638,131,0,0
11/05/2004,17:15,124.7500,125.3100,121.3600,122.5400,56327,4.605013,4.177540,0.427472,62.67,79.57,90.65,122.0110,109.9078,0.5290,12.6322,132,0,0
11/12/2004,17:15,122.5300,122.5300,119.8900,120.2500,36195,4.161019,4.174236,-0.013217,57.04,60.62,77.53,122.4400,110.3676,2.1900,9.8824,133,0,0
11/19/2004,17:15,120.0400,121.3700,118.6800,121.3700,31273,3.855086,4.110406,-0.255320,58.98,51.88,64.02,123.0990,110.8434,1.7290,10.5266,134,0,0
11/26/2004,17:15,121.2800,122.0300,120.7000,121.3700,18876,3.571462,4.002617,-0.431155,58.98,49.01,53.83,123.4800,111.2730,2.1100,10.0970,135,0,0
12/03/2004,17:15,121.8800,122.5100,115.0100,115.0200,43521,2.801997,3.762493,-0.960496,45.48,37.31,46.07,122.8630,111.5760,7.8430,3.4440,136,0,0
12/10/2004,17:15,114.9800,115.7900,112.9300,113.1900,43848,2.021225,3.414240,-1.393015,42.46,20.38,35.57,121.9390,111.8456,8.7490,1.3444,137,0,0
12/17/2004,17:15,113.3800,118.7600,112.7300,118.7600,26717,1.830806,3.097553,-1.266747,52.74,16.40,24.70,121.2530,112.2320,2.4930,6.5280,138,0,0
12/24/2004,17:15,118.6800,118.6800,116.1000,116.5200,20875,1.482063,2.774455,-1.292392,48.95,21.26,19.35,120.1810,112.5392,3.6610,3.9808,139,0,0
12/31/2004,17:15,116.2100,116.2100,113.3400,115.7900,22929,1.133709,2.446306,-1.312597,47.75,27.05,21.57,118.9500,112.8166,3.1600,2.9734,140,0,0
01/07/2005,17:15,115.4400,117.9100,114.1900,117.7700,30543,1.005811,2.158207,-1.152396,51.25,24.97,24.43,118.2580,113.1096,0.4880,4.6604,141,0,0
01/14/2005,17:15,117.9400,120.7200,117.2900,120.7200,30751,1.129471,1.952460,-0.822989,55.98,33.80,28.61,118.0760,113.4994,2.6440,7.2206,142,0,0
01/21/2005,17:15,120.9400,121.7600,119.0000,120.4700,35431,1.193541,1.800676,-0.607135,55.49,43.63,34.13,118.0980,113.8956,2.3720,6.5744,143,0,0
01/28/2005,17:15,120.8200,121.6800,119.1200,119.1200,35355,1.122445,1.665030,-0.542585,52.79,46.46,41.29,117.8730,114.2232,1.2470,4.8968,144,0,0
02/04/2005,17:15,118.6200,120.1800,117.9500,118.4200,38533,0.998111,1.531646,-0.533535,51.40,44.72,44.94,117.5780,114.5160,0.8420,3.9040,145,0,0
02/11/2005,17:15,118.2600,119.2000,116.7200,119.1000,31369,0.943568,1.414030,-0.470462,52.71,48.24,46.47,117.9860,114.7844,1.1140,4.3156,146,0,0
02/18/2005,17:15,118.9900,120.5800,118.7600,120.2900,22830,0.985012,1.328227,-0.343215,54.99,61.01,51.32,118.6960,115.0546,1.5940,5.2354,147,0,0
02/25/2005,17:15,121.1800,123.5000,121.1100,123.1600,30958,1.235202,1.309622,-0.074420,60.00,80.26,63.17,119.1360,115.4036,4.0240,7.7564,148,0,0
03/04/2005,17:15,123.4700,125.4700,122.9300,125.4500,31991,1.599822,1.367662,0.232160,63.49,92.25,77.84,120.0290,115.7606,5.4210,9.6894,149,0,0
03/11/2005,17:15,125.2300,126.6100,124.1700,126.1000,34240,1.919113,1.477952,0.441161,64.44,97.67,90.06,121.0600,116.1728,5.0400,9.9272,150,0,0
03/18/2005,17:15,126.1200,129.1700,125.6400,128.3900,27527,2.330078,1.648377,0.681701,67.63,96.96,95.63,122.1220,116.6576,6.2680,11.7324,151,0,0
03/25/2005,17:15,128.3500,128.7100,124.5100,125.7900,37203,2.418098,1.802321,0.615776,60.94,89.88,94.84,122.6290,117.0354,3.1610,8.7546,152,0,0
04/01/2005,17:15,125.3900,128.2200,124.4000,128.2200,37896,2.653349,1.972527,0.680822,64.48,89.38,92.07,123.4040,117.4498,4.8160,10.7702,153,0,0
04/08/2005,17:15,128.1000,129.2300,124.2600,124.2700,36966,2.492325,2.076486,0.415838,55.66,80.11,86.45,123.9190,117.7974,0.3510,6.4726,154,0,0
04/15/2005,17:15,124.2100,125.0000,121.0100,121.4400,35567,2.112009,2.083591,0.028418,50.34,68.42,79.30,124.2210,118.0700,2.7810,3.3700,155,0,0
04/22/2005,17:15,121.3800,124.8900,120.6100,124.8900,33888,2.065186,2.079910,-0.014724,55.87,57.34,68.62,124.8000,118.3606,0.0900,6.5294,156,0,0
04/29/2005,17:15,124.6500,125.5000,119.2200,119.2200,45066,1.552659,1.974460,-0.421801,46.67,41.01,55.59,124.6930,118.5088,5.4730,0.7112,157,0,0
05/06/2005,17:15,118.7800,121.0800,118.5300,120.4600,37638,1.232329,1.826034,-0.593704,48.66,38.40,45.58,124.4230,118.7084,3.9630,1.7516,158,0,0
05/13/2005,17:15,120.7800,122.0500,117.7900,118.1700,41880,0.784637,1.617754,-0.833117,45.30,20.49,33.30,123.6950,118.8632,5.5250,0.6932,159,0,0
05/20/2005,17:15,118.1700,118.8500,116.3800,116.6100,39432,0.300495,1.354302,-1.053807,43.11,14.31,24.40,122.7460,119.0146,6.1360,2.4046,160,0,0
05/27/2005,17:15,115.4000,118.7000,115.3000,118.6200,51043,0.078099,1.099062,-1.020963,46.68,12.73,15.84,121.7690,119.2070,3.1490,0.5870,161,0,0
06/03/2005,17:15,119.1300,121.8900,118.3800,121.1100,40068,0.101599,0.899569,-0.797970,50.80,22.99,16.68,121.3010,119.4432,0.1910,1.6668,162,0,0
06/10/2005,17:15,122.3500,122.7000,119.3700,121.4900,46638,0.149167,0.749489,-0.600322,51.42,36.66,24.13,120.6280,119.7138,0.8620,1.7762,163,0,0
06/17/2005,17:15,120.5800,124.5800,120.2000,124.4500,44850,0.420860,0.683763,-0.262903,56.04,50.61,36.75,120.6460,120.0268,3.8040,4.4232,164,0,0
06/24/2005,17:15,125.6600,127.0100,125.1500,126.7200,39448,0.810012,0.709013,0.100999,59.25,64.03,50.43,121.1740,120.3538,5.5460,6.3662,165,0,0
07/01/2005,17:15,126.9100,127.6500,123.4600,123.7500,64786,0.868749,0.740960,0.127789,53.73,69.44,61.36,121.0600,120.5956,2.6900,3.1544,166,0,0
07/08/2005,17:15,125.9000,129.1100,124.2100,128.5700,67457,1.289369,0.850642,0.438727,60.21,79.30,70.93,121.9950,120.9162,6.5750,7.6538,167,0,0
07/15/2005,17:15,126.4100,128.3100,124.3400,125.3600,66860,1.348153,0.950144,0.398009,54.71,76.27,75.00,122.4850,121.1308,2.8750,4.2292,168,0,0
07/22/2005,17:15,125.0100,125.9900,122.8400,123.4100,50741,1.223289,1.004773,0.218516,51.63,75.67,77.08,123.0090,121.3034,0.4010,2.1066,169,0,0
07/29/2005,17:15,124.4600,126.2100,123.5700,126.0600,47066,1.322917,1.068402,0.254515,55.32,69.83,73.92,123.9540,121.4764,2.1060,4.5836,170,0,0
08/05/2005,17:15,126.2200,128.1800,126.2200,127.6500,61864,1.512735,1.157269,0.355466,57.41,75.36,73.62,124.8570,121.6556,2.7930,5.9944,171,0,0
08/12/2005,17:15,128.0200,131.8700,127.9200,131.7700,65342,1.972874,1.320390,0.652485,62.34,89.57,78.25,125.9230,121.9880,5.8470,9.7820,172,0,0
08/19/2005,17:15,132.5600,132.5600,128.5100,130.1100,43409,2.178478,1.492007,0.686470,59.36,91.58,85.50,126.7850,122.2710,3.3250,7.8390,173,0,0
08/26/2005,17:15,131.1100,133.5100,130.7100,132.9200,45051,2.538897,1.701385,0.837511,62.62,93.97,91.71,127.6320,122.6338,5.2880,10.2862,174,0,0
09/02/2005,17:15,134.1100,136.3100,132.7700,133.5600,108562,2.843397,1.929788,0.913609,63.34,89.16,91.57,128.3160,122.9538,5.2440,10.6062,175,0,0
09/09/2005,17:15,132.1100,133.0700,129.7600,130.5100,48626,2.806257,2.105081,0.701176,57.63,82.78,88.63,128.9920,123.1402,1.5180,7.3698,176,0,0
09/16/2005,17:15,129.6600,131.1600,128.4600,129.5100,53646,2.665407,2.217147,0.448261,55.86,69.89,80.61,129.0860,123.2818,0.4240,6.2282,177,0,0
09/23/2005,17:15,128.5400,133.4400,128.5400,131.2700,97263,2.665078,2.306733,0.358345,58.29,62.08,71.58,129.6770,123.3948,1.5930,7.8752,178,0,0
09/30/2005,17:15,128.6100,132.2500,127.8200,131.5100,69442,2.653595,2.376105,0.277489,58.63,61.35,64.44,130.4870,123.4802,1.0230,8.0298,179,0,0
10/07/2005,17:15,131.3700,131.7900,126.2900,126.9200,54397,2.248203,2.350525,-0.102322,50.30,52.41,58.61,130.5730,123.4566,3.6530,3.4634,180,0,0
10/14/2005,17:15,126.9600,129.5600,126.6200,127.1000,63721,1.919327,2.264285,-0.344958,50.60,42.09,51.95,130.5180,123.5048,3.4180,3.5952,181,0,0
10/21/2005,17:15,128.1200,129.4500,125.2300,125.2600,53841,1.493008,2.110030,-0.617022,47.48,26.63,40.38,129.8670,123.5592,4.6070,1.7008,182,0,0
10/28/2005,17:15,125.9800,128.2700,125.3500,126.9400,51489,1.275999,1.943224,-0.667224,50.48,25.33,31.35,129.5500,123.6930,2.6100,3.2470,183,0,0
11/04/2005,17:15,127.1200,128.0700,125.1400,127.0700,48445,1.101808,1.774941,-0.673133,50.71,20.65,24.20,128.9650,123.8070,1.8950,3.2630,184,0,0
11/11/2005,17:15,126.0300,126.3600,122.8500,123.4200,52931,0.661608,1.552274,-0.890666,44.36,15.71,20.56,127.9510,123.8480,4.5310,0.4280,185,0,0
11/18/2005,17:15,123.7200,124.4600,122.3300,122.3500,46126,0.223827,1.286585,-1.062758,42.67,6.53,14.30,127.1350,123.9946,4.7850,1.6446,186,0,0
11/25/2005,17:15,122.8200,124.5500,122.7800,123.8400,38222,-0.002854,1.028697,-1.031551,45.77,5.07,9.10,126.5680,124.2076,2.7280,0.3676,187,0,0
12/02/2005,17:15,123.5100,124.6700,121.1200,124.2500,58367,-0.147714,0.793415,-0.941129,46.62,10.80,7.47,125.8660,124.3174,1.6160,0.0674,188,0,0
12/09/2005,17:15,124.8100,126.9000,124.4500,126.0000,62117,-0.119925,0.610747,-0.730671,50.22,22.95,12.94,125.3150,124.5070,0.6850,1.4930,189,0,0
12/16/2005,17:15,124.9100,127.1400,124.7800,125.0200,58917,-0.174962,0.453605,-0.628567,48.26,29.90,21.22,125.1250,124.6916,0.1050,0.3284,190,0,0
12/23/2005,17:15,123.3100,123.9600,122.1600,122.2400,40223,-0.437855,0.275313,-0.713168,43.11,26.79,26.54,124.6390,124.7810,2.3990,2.5410,0,1,0
12/30/2005,17:15,122.7100,124.8200,122.0100,124.3100,27518,-0.473707,0.125509,-0.599216,47.59,22.95,26.55,124.5440,124.8528,0.2340,0.5428,0,2,0
01/06/2006,17:15,125.4500,128.1500,125.2200,127.7900,48521,-0.218791,0.056649,-0.275440,54.14,32.18,27.31,124.6290,124.9992,3.1610,2.7908,0,3,0
01/13/2006,17:15,128.5600,129.1800,127.4600,127.8600,61892,-0.010993,0.043121,-0.054114,54.26,54.89,36.68,124.7080,125.1740,3.1520,2.6860,0,4,0
01/20/2006,17:15,129.2300,131.7900,129.0100,131.6400,56514,0.453475,0.125192,0.328284,60.47,80.36,55.81,125.5300,125.4384,6.1100,6.2016,1,0,0
01/27/2006,17:15,132.3400,133.0900,129.2000,131.2000,82029,0.777107,0.255575,0.521533,59.46,87.97,74.41,126.4150,125.6804,4.7850,5.5196,2,0,0
02/03/2006,17:15,131.7400,132.5400,128.3200,128.7100,71464,0.823177,0.369095,0.454082,53.96,81.45,83.26,126.9020,125.8488,1.8080,2.8612,3,0,0
02/10/2006,17:15,129.4900,130.5100,126.2400,126.8600,71603,0.702312,0.435739,0.266573,50.24,65.19,78.20,127.1630,125.9228,0.3030,0.9372,4,0,0
02/17/2006,17:15,125.9900,126.0700,121.5200,123.5300,59826,0.333973,0.415385,-0.081413,44.32,43.83,63.49,126.9160,125.8844,3.3860,2.3544,5,0,0
02/24/2006,17:15,124.9900,125.3400,122.9300,124.2400,75998,0.098220,0.351952,-0.253732,45.79,31.38,46.80,126.8380,125.8472,2.5980,1.6072,6,0,0
03/03/2006,17:15,125.2800,126.2700,122.8500,125.6800,58702,0.027266,0.287015,-0.259749,48.74,28.10,34.44,127.1820,125.7930,1.5020,0.1130,7,0,0
03/10/2006,17:15,126.2300,126.4000,122.1300,122.5400,55337,-0.279120,0.173788,-0.452908,43.22,24.50,27.99,127.0050,125.7280,4.4650,3.1880,8,0,0
03/17/2006,17:15,122.5300,126.1100,122.0600,125.9700,53128,-0.242367,0.090557,-0.332924,49.89,28.57,27.06,126.8230,125.6830,0.8530,0.2870,9,0,0
03/24/2006,17:15,125.2500,125.5000,122.5000,125.1500,67243,-0.276223,0.017201,-0.293424,48.43,26.22,26.43,126.5520,125.7006,1.4020,0.5506,10,0,0
03/31/2006,17:15,125.2300,128.1900,124.6000,127.4000,68022,-0.120113,-0.010262,-0.109851,52.55,40.22,31.67,126.1280,125.8198,1.2720,1.5802,11,0,0
04/07/2006,17:15,127.3000,128.9200,126.7900,128.1800,64744,0.065786,0.004948,0.060838,53.92,46.59,37.67,125.8260,125.8856,2.3540,2.2944,0,1,0
04/14/2006,17:15,128.3900,130.5000,128.2700,129.1600,46815,0.288861,0.061731,0.227130,55.66,58.14,48.31,125.8710,126.0844,3.2890,3.0756,0,2,0
04/21/2006,17:15,130.6800,133.7800,130.4800,132.3300,70714,0.713220,0.192028,0.521192,60.81,70.93,58.55,126.4180,126.3218,5.9120,6.0082,1,0,0
04/28/2006,17:15,134.3600,134.6500,129.7900,130.9800,78262,0.929875,0.339598,0.590277,57.73,75.51,68.20,127.1630,126.5780,3.8170,4.4020,2,0,0
05/05/2006,17:15,131.0500,134.2900,129.0100,129.4200,63039,0.964578,0.464594,0.499984,54.32,73.13,73.19,127.6810,126.8342,1.7390,2.5858,3,0,0
05/12/2006,17:15,129.4700,133.2000,128.2500,132.1300,76617,1.196956,0.611066,0.585890,58.87,71.01,73.22,128.3260,127.1044,3.8040,5.0256,4,0,0
05/19/2006,17:15,131.3400,131.3400,127.3000,128.2100,66364,1.052672,0.699387,0.353285,50.96,63.98,69.37,128.8930,127.2464,0.6830,0.9636,5,0,0
05/26/2006,17:15,127.8600,130.3100,126.7800,129.6300,77971,1.040909,0.767692,0.273217,53.40,64.02,66.33,129.2590,127.4092,0.3710,2.2208,6,0,0
06/02/2006,17:15,129.8100,131.3400,128.6800,129.7600,63163,1.030201,0.820194,0.210008,53.63,57.32,61.77,129.7200,127.5154,0.0400,2.2446,7,0,0
06/09/2006,17:15,131.5600,132.4500,128.1500,130.2500,43023,1.049160,0.865987,0.183173,54.53,62.11,61.15,130.0050,127.5860,0.2450,2.6640,8,0,0
06/16/2006,17:15,130.1500,130.9300,126.7100,128.9200,68557,0.945961,0.881982,0.063979,51.60,60.23,59.89,130.0790,127.6894,1.1590,1.2306,9,0,0
06/23/2006,17:15,128.5100,129.4900,127.1700,129.1300,71298,0.871078,0.879801,-0.008723,52.03,58.08,60.14,130.0760,127.7006,0.9460,1.4294,10,0,0
06/30/2006,17:15,128.9700,132.2900,128.8400,132.1400,60520,1.042597,0.912360,0.130237,57.92,60.45,59.59,130.0570,127.8362,2.0830,4.3038,11,0,0
07/07/2006,17:15,132.2400,134.0700,131.6700,132.1500,33964,1.165894,0.963067,0.202827,57.94,65.06,61.20,130.1740,128.0110,1.9760,4.1390,12,0,0
07/14/2006,17:15,132.1100,136.6900,131.6300,135.0900,78437,1.483738,1.067201,0.416537,63.08,76.37,67.29,130.7410,128.1916,4.3490,6.8984,13,0,0
07/21/2006,17:15,135.5400,136.0300,130.4700,131.1400,74472,1.400752,1.133911,0.266841,53.61,65.41,68.95,130.6420,128.2614,0.4980,2.8786,14,0,0
07/28/2006,17:15,131.4000,132.3500,129.7300,129.9300,55084,1.223248,1.151779,0.071469,51.08,53.54,65.11,130.8140,128.2246,0.8840,1.7054,15,0,0
08/04/2006,17:15,129.7800,132.7600,129.3400,131.1700,69853,1.169155,1.155254,0.013901,53.50,40.45,53.13,130.9680,128.2458,0.2020,2.9242,16,0,0
08/11/2006,17:15,131.1400,133.7000,130.5700,130.9200,57588,1.093507,1.142905,-0.049397,52.93,39.71,44.57,131.0840,128.2058,0.1640,2.7142,17,0,0
08/18/2006,17:15,130.3600,130.5200,126.6300,127.7100,41053,0.765709,1.067465,-0.301756,46.15,32.48,37.55,130.8300,128.0888,3.1200,0.3788,18,0,0
08/25/2006,17:15,127.7900,129.8700,127.0900,128.2300,41799,0.541643,0.962301,-0.420658,47.33,22.89,31.69,130.7610,128.0432,2.5310,0.1868,19,0,0
09/01/2006,17:15,127.9200,127.9200,124.7300,124.9100,40887,0.095077,0.788856,-0.693780,41.14,8.92,21.43,130.3390,127.9512,5.4290,3.0412,20,0,0
09/08/2006,17:15,124.9700,125.3100,121.7300,121.9700,183511,-0.490411,0.533003,-1.023414,36.58,5.46,12.42,129.3220,127.7652,7.3520,5.7952,21,0,0
09/15/2006,17:15,121.7300,122.1700,117.7500,119.0500,347685,-1.176472,0.191108,-1.367580,32.70,3.75,6.04,128.0120,127.5160,8.9620,8.4660,22,0,0
09/22/2006,17:15,119.7400,120.8700,115.2600,115.6200,391787,-1.974195,-0.241953,-1.732242,28.84,3.43,4.22,126.0650,127.2900,10.4450,11.6700,0,1,0
09/29/2006,17:15,115.3200,119.0700,114.5900,117.9800,471386,-2.388432,-0.671249,-1.717183,34.57,8.08,5.09,124.7490,127.1076,6.7690,9.1276,0,2,0
10/06/2006,17:15,117.8700,118.3900,112.8300,114.8300,530908,-2.937040,-1.124407,-1.812633,30.98,8.53,6.68,123.2390,126.8990,8.4090,12.0690,0,3,0
10/13/2006,17:15,114.9700,116.3600,112.2900,113.6400,504676,-3.428319,-1.585189,-1.843130,29.73,9.58,8.73,121.4860,126.6330,7.8460,12.9930,0,4,0
10/20/2006,17:15,113.9300,115.6100,112.4200,112.7500,588061,-3.845152,-2.037182,-1.807971,28.79,5.29,7.80,119.6690,126.3466,6.9190,13.5966,0,5,0
10/27/2006,17:15,112.8500,115.2100,111.5400,114.1700,633525,-4.014636,-2.432673,-1.581963,32.45,6.32,7.06,118.3150,126.1616,4.1450,11.9916,0,6,0
11/03/2006,17:15,114.1700,114.4700,110.4700,112.5600,759449,-4.230104,-2.792159,-1.437945,30.53,7.49,6.37,116.7480,125.9658,4.1880,13.4058,0,7,0
11/10/2006,17:15,112.5700,114.7500,111.9200,113.0100,901925,-4.314814,-3.096690,-1.218124,31.75,10.58,8.13,115.5580,125.7492,2.5480,12.7392,0,8,0
11/17/2006,17:15,113.0200,113.3400,109.2600,110.4300,854585,-4.537823,-3.384916,-1.152906,28.65,8.56,8.88,114.4040,125.4728,3.9740,15.0428,0,9,0
11/24/2006,17:15,110.1900,111.8400,109.4300,110.7000,387709,-4.639293,-3.635792,-1.003501,29.43,7.91,9.02,113.5690,125.1668,2.8690,14.4668,0,10,0
12/01/2006,17:15,111.3500,115.2300,110.7200,114.8900,709066,-4.331678,-3.774969,-0.556709,40.28,13.61,10.03,113.4960,124.9642,1.3940,10.0742,0,11,0
12/08/2006,17:15,115.2700,115.2800,112.9900,113.4900,841369,-4.152987,-3.850573,-0.302414,38.17,20.43,13.98,113.0470,124.7892,0.4430,11.2992,0,12,0
12/15/2006,17:15,113.6700,114.9400,112.1100,114.8900,666977,-3.853978,-3.851254,-0.002724,41.47,32.53,22.19,113.0530,124.6008,1.8370,9.7108,0,13,0
12/22/2006,17:15,114.4200,114.9200,112.9000,113.2100,599856,-3.709808,-3.822965,0.113156,38.79,34.04,29.00,113.0100,124.3092,0.2000,11.0992,0,14,0
12/29/2006,17:15,113.2400,114.0000,110.7600,111.8500,351312,-3.663068,-3.790985,0.127917,36.72,35.45,34.01,112.9200,123.9890,1.0700,12.1390,0,15,0
01/05/2007,17:15,111.7800,112.3500,105.7000,107.1100,717731,-3.962824,-3.825353,-0.137471,30.60,23.31,30.93,112.2140,123.4984,5.1040,16.3884,0,16,0
01/12/2007,17:15,107.0400,108.5200,102.3600,103.7900,1334278,-4.417358,-3.943754,-0.473604,27.18,14.88,24.54,111.3370,122.9502,7.5470,19.1602,0,17,0
01/19/2007,17:15,103.7400,104.3500,100.7000,102.8700,723077,-4.796525,-4.114308,-0.682216,26.31,12.04,16.74,110.3230,122.4334,7.4530,19.5634,0,18,0
01/26/2007,17:15,102.9500,105.3400,101.5400,104.8900,933113,-4.877792,-4.267005,-0.610787,31.53,17.91,14.94,109.7690,121.9940,4.8790,17.1040,0,19,0
02/02/2007,17:15,105.1000,108.7200,103.2900,108.4900,1156602,-4.598695,-4.333343,-0.265352,39.73,32.11,20.69,109.5480,121.6932,1.0580,13.2032,0,20,0
02/09/2007,17:15,108.7200,110.2300,106.7200,109.2200,720800,-4.269390,-4.320552,0.051162,41.26,46.87,32.30,108.9810,121.3928,0.2390,12.1728,0,21,0
02/16/2007,17:15,109.1500,109.2300,106.0900,108.5700,479175,-4.014585,-4.259359,0.244774,40.28,55.28,44.75,108.4890,121.0506,0.0810,12.4806,0,22,0
02/23/2007,17:15,108.6000,110.8000,106.7800,110.1400,883877,-3.643959,-4.136279,0.492320,43.77,59.05,53.73,108.0140,120.8026,2.1260,10.6626,0,23,0
03/02/2007,17:15,109.8800,111.4900,108.9200,110.6400,1040248,-3.272170,-3.963457,0.691287,44.87,62.30,58.88,107.7570,120.4960,2.8830,9.8560,0,24,0
03/09/2007,17:15,110.3000,111.3000,108.5500,109.0500,1033223,-3.070430,-3.784852,0.714422,42.04,63.40,61.58,107.4770,120.1740,1.5730,11.1240,0,25,0
03/16/2007,17:15,108.9600,108.9600,105.1700,106.1100,959487,-3.111911,-3.650264,0.538353,37.36,54.61,60.10,107.3770,119.7482,1.2670,13.6382,0,26,0
03/23/2007,17:15,106.1300,109.1800,105.6800,108.8100,986513,-2.893562,-3.498923,0.605361,43.58,50.81,56.27,107.8790,119.3608,0.9310,10.5508,0,27,0
03/30/2007,17:15,108.8700,114.6200,108.7700,112.4000,1086538,-2.403135,-3.279766,0.876631,50.60,59.51,54.98,108.8320,119.0256,3.5680,6.6256,0,28,0
04/06/2007,17:15,112.5600,113.2200,110.0900,110.8100,767063,-2.118348,-3.047482,0.929134,47.77,71.14,60.49,109.4240,118.5952,1.3860,7.7852,0,29,0
04/13/2007,17:15,110.8200,111.1100,107.8800,110.1600,1036876,-1.922935,-2.822573,0.899637,46.62,74.88,68.51,109.5910,118.1788,0.5690,8.0188,0,30,0
04/20/2007,17:15,109.9400,111.1700,107.9100,109.3900,797451,-1.809345,-2.619927,0.810582,45.23,67.67,71.23,109.6080,117.7782,0.2180,8.3882,0,31,0
04/27/2007,17:15,109.3900,111.9300,108.9800,111.7400,947743,-1.512266,-2.398395,0.886129,50.11,69.28,70.61,109.9250,117.3704,1.8150,5.6304,0,32,0
05/04/2007,17:15,111.6400,111.9300,106.8400,107.2100,1043159,-1.623646,-2.243445,0.619799,42.28,59.51,65.49,109.6320,116.9504,2.4220,9.7404,0,33,0
05/11/2007,17:15,106.9900,107.8600,105.9600,107.6500,1113364,-1.657306,-2.126217,0.468911,43.21,49.03,59.27,109.3330,116.5108,1.6830,8.8608,0,34,0
05/18/2007,17:15,107.7000,110.9200,107.1800,110.2200,872426,-1.459778,-1.992929,0.533152,48.43,37.88,48.80,109.4500,116.1200,0.7700,5.9000,0,35,0
05/25/2007,17:15,110.1800,111.3400,108.0600,109.4400,761244,-1.350605,-1.864465,0.513859,47.02,41.62,42.84,109.7830,115.7038,0.3430,6.2638,0,36,0
06/01/2007,17:15,109.2200,109.4900,106.6700,109.3200,831712,-1.259252,-1.743422,0.484170,46.79,47.51,42.34,109.8340,115.3118,0.5140,5.9918,0,37,0
06/08/2007,17:15,109.1100,111.6600,108.7700,109.0000,1075515,-1.198856,-1.634509,0.435653,46.15,43.21,44.12,109.4940,114.9092,0.4940,5.9092,0,38,0
06/15/2007,17:15,108.9400,112.5300,108.7600,112.2400,920579,-0.879414,-1.483490,0.604076,53.12,53.09,47.94,109.6370,114.5112,2.6030,2.2712,0,39,0
06/22/2007,17:15,112.3700,113.6800,111.3600,112.8500,924633,-0.570455,-1.300883,0.730428,54.31,64.91,53.73,109.9060,114.1252,2.9440,1.2752,0,40,0
06/29/2007,17:15,112.5600,114.7700,110.7800,114.3900,1056046,-0.199044,-1.080515,0.881471,57.28,83.35,67.11,110.4060,113.7112,3.9840,0.6788,0,41,0
07/06/2007,17:15,114.2300,116.6500,113.2800,116.5200,724567,0.264131,-0.811586,1.075717,61.05,91.98,80.08,110.8840,113.4188,5.6360,3.1012,0,42,0
07/13/2007,17:15,116.4600,117.7200,115.3100,117.6400,1035417,0.713351,-0.506599,1.219950,62.90,98.11,91.15,111.9270,113.1730,5.7130,4.4670,0,43,0
07/20/2007,17:15,117.7200,119.8500,117.2600,119.2500,937082,1.185609,-0.168157,1.353766,65.45,97.77,95.96,113.0870,112.9346,6.1630,6.3154,1,0,0
07/27/2007,17:15,119.1500,120.7000,116.3700,120.4800,1019439,1.640219,0.193518,1.446701,67.29,97.77,97.89,114.1130,112.7258,6.3670,7.7542,2,0,0
08/03/2007,17:15,120.3800,122.2300,118.5000,118.9400,1036568,1.854855,0.525785,1.329069,62.77,90.85,95.46,115.0630,112.5504,3.8770,6.3896,3,0,0
08/10/2007,17:15,118.5000,118.5600,113.5600,114.9300,1213110,1.681992,0.757027,0.924965,52.82,77.14,88.58,115.6240,112.2844,0.6940,2.6456,4,0,0
08/17/2007,17:15,114.9300,117.6900,113.5700,115.4400,1083277,1.568075,0.919236,0.648838,53.82,63.87,77.28,116.2680,112.0950,0.8280,3.3450,5,0,0
08/24/2007,17:15,115.1300,115.1700,112.2500,114.7100,918125,1.402720,1.015933,0.386786,52.11,54.40,65.13,116.5150,111.9498,1.8050,2.7602,6,0,0
08/31/2007,17:15,114.6600,118.0600,113.8200,117.6600,707811,1.492510,1.111248,0.381262,57.92,59.55,59.27,116.9960,111.9220,0.6640,5.7380,7,0,0
09/07/2007,17:15,117.5200,121.0500,117.1000,120.3200,913856,1.758044,1.240607,0.517436,62.36,68.60,60.85,117.5890,112.0160,2.7310,8.3040,8,0,0
09/14/2007,17:15,120.0800,123.9800,119.1400,122.7200,1201767,2.137501,1.419986,0.717515,65.85,82.51,70.22,118.2090,112.1108,4.5110,10.6092,9,0,0
09/21/2007,17:15,122.6500,127.2400,121.8700,126.2000,1031807,2.688045,1.673598,1.014447,70.18,90.68,80.60,119.0650,112.3382,7.1350,13.8618,10,0,0
09/28/2007,17:15,126.2000,128.6600,123.3400,126.5600,1302012,3.117467,1.962372,1.155096,70.59,91.12,88.10,119.7960,112.5966,6.7640,13.9634,11,0,0
10/05/2007,17:15,126.6500,126.9200,123.7700,126.1200,1116042,3.383283,2.246554,1.136729,69.32,88.81,90.20,120.3600,112.8640,5.7600,13.2560,12,0,0
10/12/2007,17:15,126.0100,128.8800,123.2500,128.5900,1199454,3.750025,2.547248,1.202776,72.33,90.32,90.08,121.3250,113.1524,7.2650,15.4376,13,0,0
10/19/2007,17:15,128.8100,136.4000,128.4000,134.9300,1142963,4.500377,2.937874,1.562503,78.23,92.48,90.54,123.3250,113.5998,11.6050,21.3302,14,0,0
10/26/2007,17:15,135.1900,138.5500,131.0100,138.1900,1141734,5.297031,3.409705,1.887326,80.53,96.84,93.21,125.6000,114.1034,12.5900,24.0866,15,0,0
11/02/2007,17:15,138.0500,142.5700,135.2500,142.2600,1486358,6.185497,3.964864,2.220633,82.95,97.35,95.56,128.3550,114.7400,13.9050,27.5200,16,0,0
11/09/2007,17:15,142.2500,144.9500,140.0500,142.6500,1780149,6.842210,4.540333,2.301877,83.17,96.67,96.95,130.8540,115.3790,11.7960,27.2710,17,0,0
11/16/2007,17:15,142.3400,142.5300,136.4600,141.4300,1614567,7.181433,5.068553,2.112880,79.76,93.60,95.87,132.9650,115.9098,8.4650,25.5202,18,0,0
11/23/2007,17:15,141.4700,146.8800,140.7500,145.7700,842463,7.711577,5.597158,2.114419,82.51,93.07,94.45,135.2700,116.5554,10.5000,29.2146,19,0,0
11/30/2007,17:15,145.8700,146.7000,136.0400,136.3000,1505217,7.283609,5.934448,1.349161,62.57,84.85,90.51,136.2800,116.9836,0.0200,19.3164,20,0,0
12/07/2007,17:15,136.3800,138.3200,133.4100,135.8700,1352966,6.831001,6.113759,0.717242,61.84,76.71,84.88,137.2110,117.4368,1.3410,18.4332,21,0,0
12/14/2007,17:15,135.8600,142.4400,134.6800,138.8600,1431530,6.637065,6.218420,0.418645,64.91,67.31,76.29,138.4850,117.9770,0.3750,20.8830,22,0,0
12/21/2007,17:15,138.8600,141.1500,136.4600,140.6200,972516,6.549884,6.284713,0.265171,66.61,69.36,71.13,139.6880,118.6472,0.9320,21.9728,23,0,0
12/28/2007,17:15,140.8900,145.2300,139.8100,143.3100,444548,6.621524,6.352075,0.269449,69.08,76.63,71.10,140.5260,119.4376,2.7840,23.8724,24,0,0
01/04/2008,17:15,143.4300,147.4000,142.0400,145.2200,773677,6.754558,6.432572,0.321987,70.74,83.50,76.50,141.2290,120.2846,3.9910,24.9354,25,0,0
01/11/2008,17:15,145.1000,145.7100,139.6200,140.0000,1447526,6.365402,6.419138,-0.053736,61.11,81.72,80.62,141.0030,120.9868,1.0030,19.0132,26,0,0
01/18/2008,17:15,140.2300,141.7400,136.5700,137.7900,1052755,5.811671,6.297644,-0.485973,57.54,71.49,78.90,140.5170,121.5728,2.7270,16.2172,27,0,0
01/25/2008,17:15,137.7900,139.2500,133.2900,138.5800,1133372,5.374626,6.113041,-0.738415,58.48,56.62,69.94,140.2320,122.1600,1.6520,16.4200,28,0,0
02/01/2008,17:15,138.4900,140.5800,136.3300,136.8300,1248018,4.831362,5.856705,-1.025343,55.56,41.41,56.51,139.3380,122.7252,2.5080,14.1048,29,0,0
02/08/2008,17:15,136.5300,139.8500,134.1100,139.6400,1307695,4.574829,5.600330,-1.025501,59.09,39.14,45.72,139.6720,123.3152,0.0320,16.3248,30,0,0
02/15/2008,17:15,139.6300,144.5400,138.7900,143.3700,1238719,4.619256,5.404115,-0.784859,63.26,47.18,42.58,140.4220,123.9698,2.9480,19.4002,31,0,0
02/22/2008,17:15,143.3800,148.7800,143.0400,146.7300,1064736,4.869457,5.297183,-0.427726,66.56,68.34,51.55,141.2090,124.7234,5.5210,22.0066,32,0,0
02/29/2008,17:15,146.9100,150.9700,145.6700,149.7600,1182566,5.251700,5.288087,-0.036386,69.25,84.58,66.70,142.1230,125.5964,7.6370,24.1636,33,0,0
03/07/2008,17:15,149.5500,154.4600,146.7900,153.0700,1625562,5.755376,5.381545,0.373831,71.90,91.44,81.45,143.0990,126.4816,9.9710,26.5884,34,0,0
03/14/2008,17:15,153.1700,158.9000,152.0000,158.1300,1516714,6.488052,5.602846,0.885206,75.40,94.77,90.27,144.3900,127.3962,13.7400,30.7338,35,0,0
03/21/2008,17:15,158.0200,159.7200,148.0200,151.2100,1318302,6.436125,5.769502,0.666623,63.72,85.43,90.55,145.5110,128.2042,5.6990,23.0058,36,0,0
03/28/2008,17:15,151.0700,157.5900,148.5000,154.9900,1334006,6.623634,5.940328,0.683306,66.75,82.15,87.45,147.2310,129.1008,7.7590,25.8892,37,0,0
04/04/2008,17:15,154.4900,156.1500,148.9200,155.6000,1419268,6.743721,6.101007,0.642714,67.23,78.11,81.89,148.9330,130.0250,6.6670,25.5750,38,0,0
04/11/2008,17:15,155.4900,161.5800,155.2300,159.5100,1380664,7.072863,6.295378,0.777485,70.17,86.54,82.27,151.2010,130.9804,8.3090,28.5296,39,0,0
04/18/2008,17:15,159.3700,166.3400,158.9300,166.0600,1075422,7.772643,6.590831,1.181812,74.33,92.63,85.76,153.8430,132.1574,12.2170,33.9026,40,0,0
04/25/2008,17:15,166.4400,169.4500,164.1500,168.4200,1312774,8.420588,6.956782,1.463806,75.65,96.53,91.90,156.3480,133.3728,12.0720,35.0472,41,0,0
05/02/2008,17:15,168.8500,169.8300,160.2000,166.2200,1343782,8.656778,7.296782,1.359997,71.94,95.31,94.82,158.2970,134.4928,7.9230,31.7272,42,0,0
05/09/2008,17:15,166.4000,176.1700,165.9500,175.8600,1599794,9.512177,7.739861,1.772317,77.21,95.66,95.83,160.9070,135.8212,14.9530,40.0388,43,0,0
05/16/2008,17:15,175.7400,177.7200,170.6500,176.1900,1609157,10.100286,8.211946,1.888340,77.37,95.33,95.43,163.2190,137.1586,12.9710,39.0314,44,0,0
05/23/2008,17:15,176.2500,185.3200,175.1800,182.4200,1576947,10.942931,8.758143,2.184789,80.15,96.15,95.71,165.6480,138.6270,16.7720,43.7930,45,0,0
05/30/2008,17:15,181.9100,183.8800,174.9000,177.5800,1385706,11.092321,9.224979,1.867343,72.69,89.93,93.81,168.2850,139.9338,9.2950,37.6462,46,0,0
06/06/2008,17:15,177.8600,189.3500,171.8400,188.7700,1706066,11.975606,9.775104,2.200502,77.83,90.99,92.36,171.6630,141.4522,17.1070,47.3178,47,0,0
06/13/2008,17:15,188.2000,188.5300,181.0300,185.0900,1712092,12.237603,10.267604,1.969999,72.96,89.82,90.24,174.6120,142.8662,10.4780,42.2238,48,0,0
06/20/2008,17:15,184.6400,190.1200,181.4900,185.1000,1380851,12.304209,10.674925,1.629284,72.97,92.17,90.99,177.1710,144.2378,7.9290,40.8622,49,0,0
06/27/2008,17:15,184.5400,192.7300,181.6900,189.9500,1224438,12.603069,11.060554,1.542515,75.32,90.55,90.85,179.5600,145.6840,10.3900,44.2660,50,0,0
07/04/2008,17:15,190.3400,195.5900,188.9100,193.9200,920832,13.010289,11.450501,1.559788,77.08,92.88,91.87,182.1100,147.1774,11.8100,46.7426,51,0,0
07/11/2008,17:15,194.0100,197.0100,184.8800,194.8200,1525805,13.252865,11.810974,1.441892,77.48,95.00,92.81,184.9700,148.6642,9.8500,46.1558,52,0,0
07/18/2008,17:15,194.4300,196.4700,177.9700,178.6200,1418563,11.999580,11.848695,0.150885,58.17,82.42,90.10,185.2460,149.8578,6.6260,28.7622,53,0,0
07/25/2008,17:15,178.6500,182.0500,171.6500,172.4100,1281234,10.385530,11.556062,-1.170532,52.74,61.28,79.56,184.8680,151.0074,12.4580,21.4026,54,0,0
08/01/2008,17:15,172.5600,177.7500,169.5700,174.2500,1283999,9.149388,11.074727,-1.925339,54.11,41.14,61.61,184.0510,152.1836,9.8010,22.0664,55,0,0
08/08/2008,17:15,175.1300,175.5000,163.7700,164.3500,1460254,7.286890,10.317160,-3.030269,46.35,25.12,42.51,182.7280,153.1764,18.3780,11.1736,56,0,0
08/15/2008,17:15,164.3500,166.6100,160.4900,162.9200,1363934,5.630553,9.379838,-3.749285,45.34,16.01,27.42,180.1430,154.0816,17.2230,8.8384,57,0,0
08/22/2008,17:15,163.0900,171.1700,160.7900,163.7200,1223511,4.332505,8.370372,-4.037867,46.05,5.87,15.67,178.0060,154.9496,14.2860,8.7704,58,0,0
08/29/2008,17:15,163.8200,169.6300,161.4900,164.5900,1051584,3.335544,7.363406,-4.027863,46.85,8.91,10.26,175.9550,155.7870,11.3650,8.8030,59,0,0
09/05/2008,17:15,160.3700,160.6300,154.2600,155.3600,1113858,1.780141,6.246753,-4.466612,40.01,7.28,7.35,172.4960,156.3702,17.1360,1.0102,60,0,0
09/12/2008,17:15,156.8800,159.0200,146.2900,150.3100,1476144,0.138384,5.025079,-4.886695,36.84,7.09,7.76,168.1350,156.8452,17.8250,6.5352,61,0,0
09/19/2008,17:15,150.1300,152.7200,139.6400,152.2200,1455409,-0.997104,3.820643,-4.817747,38.81,11.73,8.70,163.8750,157.3672,11.6550,5.1472,62,0,0
09/26/2008,17:15,151.9500,159.9200,151.4500,156.3600,1256560,-1.545112,2.747492,-4.292604,42.98,20.14,12.99,161.6490,157.9226,5.2890,1.5626,63,0,0
10/03/2008,17:15,156.3600,156.3800,140.7700,143.3500,1199393,-2.994690,1.599055,-4.593746,34.93,19.18,17.02,158.7430,158.0910,15.3930,14.7410,64,0,0
10/10/2008,17:15,141.9700,142.4900,126.5600,127.1700,1484833,-5.386984,0.201847,-5.588832,27.93,11.36,16.89,154.0350,157.8706,26.8650,30.7006,0,1,0
10/17/2008,17:15,129.5900,134.3000,118.0400,121.3200,1066764,-7.666565,-1.371835,-6.294730,25.91,3.68,11.41,149.7320,157.4518,28.4120,36.1318,0,2,0
10/24/2008,17:15,121.8900,125.4300,111.8400,113.3400,1195448,-10.001774,-3.097823,-6.903951,23.42,2.46,5.84,144.7740,156.8656,31.4340,43.5256,0,3,0
10/31/2008,17:15,113.9700,119.7900,110.4900,117.0000,1223066,-11.425408,-4.763340,-6.662068,26.89,5.23,3.79,140.1020,156.3770,23.1020,39.3770,0,4,0
11/07/2008,17:15,116.5600,120.9600,109.1600,110.2300,1277226,-12.950644,-6.400801,-6.549843,24.66,4.46,4.05,134.6660,155.6662,24.4360,45.4362,0,5,0
11/14/2008,17:15,110.9900,114.7500,103.8600,106.2300,1283945,-14.317132,-7.984067,-6.333065,23.43,4.95,4.88,129.7530,155.0648,23.5230,48.8348,0,6,0
11/21/2008,17:15,105.9300,108.1700,97.0700,98.7500,1130836,-15.821279,-9.551509,-6.269769,21.28,2.46,3.96,124.5970,154.3224,25.8470,55.5724,0,7,0
11/28/2008,17:15,99.7900,104.8000,97.6200,103.2500,790702,-16.460467,-10.933301,-5.527167,25.69,4.78,4.07,119.7000,153.6102,16.4500,50.3602,0,8,0
12/05/2008,17:15,103.4400,103.4400,89.3200,89.6300,1155925,-17.860169,-12.318674,-5.541494,21.73,3.75,3.66,113.0270,152.5904,23.3970,62.9604,0,9,0
12/12/2008,17:15,90.4600,97.9400,88.8800,95.1000,1232268,-18.316912,-13.518322,-4.798590,26.63,5.91,4.81,108.2020,151.6262,13.1020,56.5262,0,10,0
12/19/2008,17:15,95.5900,98.8700,85.1700,86.6300,1037867,-19.141690,-14.642996,-4.498694,24.11,3.68,4.45,104.1480,150.4544,17.5180,63.8244,0,11,0
12/26/2008,17:15,87.0600,87.7100,79.4000,81.9800,428824,-19.940685,-15.702533,-4.238151,22.83,4.53,4.71,100.2140,149.2940,18.2340,67.3140,0,12,0
01/02/2009,17:15,82.6700,91.0100,81.2100,90.6100,627305,-19.651000,-16.492227,-3.158773,30.21,6.57,4.93,97.9410,148.3504,7.3310,57.7404,0,13,0
01/09/2009,17:15,91.3100,94.7400,83.6500,85.1000,1373289,-19.639641,-17.121710,-2.517931,28.35,8.84,6.65,94.7510,147.2808,9.6510,62.1808,0,14,0
01/16/2009,17:15,84.8200,85.0700,77.4700,78.6700,1363291,-19.919861,-17.681340,-2.238522,26.31,9.20,8.20,91.5950,146.1176,12.9250,67.4476,0,15,0
01/23/2009,17:15,77.2500,83.3500,75.4600,82.3300,1218293,-19.620435,-18.069159,-1.551276,29.42,8.11,8.71,89.2050,144.9714,6.8750,62.6414,0,16,0
01/30/2009,17:15,82.4000,84.9400,76.5300,78.1000,1360931,-19.499683,-18.355264,-1.144419,27.95,7.03,8.11,87.1400,143.6660,9.0400,65.5660,0,17,0
02/06/2009,17:15,78.1000,79.0300,74.9500,76.3900,1510579,-19.319268,-18.548065,-0.771203,27.36,7.74,7.63,84.4540,142.2592,8.0640,65.8692,0,18,0
02/13/2009,17:15,76.2300,78.7800,69.9000,73.8600,1600707,-19.159578,-18.670367,-0.489211,26.46,5.90,6.89,82.8770,140.7412,9.0170,66.8812,0,19,0
02/20/2009,17:15,73.5000,73.7900,70.4800,72.4300,758360,-18.930196,-18.722333,-0.207863,25.94,6.14,6.59,80.6100,139.1284,8.1800,66.6984,0,20,0
02/27/2009,17:15,73.2200,78.7900,71.1400,78.2500,1409302,-18.070479,-18.591962,0.521483,31.79,12.57,8.20,79.7720,137.5308,1.5220,59.2808,0,21,0
03/06/2009,17:15,77.8300,79.7900,72.9600,79.0100,1242170,-17.130353,-18.299640,1.169287,32.54,18.73,12.48,79.4750,136.0868,0.4650,57.0768,0,22,0
03/13/2009,17:15,79.2500,82.3200,75.5700,79.7400,1345042,-16.140336,-17.867780,1.727444,33.30,28.03,19.78,78.3880,134.5818,1.3520,54.8418,0,23,0
03/20/2009,17:15,78.6900,85.7100,77.1100,84.8000,925302,-14.777099,-17.249644,2.472544,38.47,37.00,27.92,78.3580,133.1658,6.4420,48.3658,0,24,0
03/27/2009,17:15,84.8600,87.3900,84.3500,85.1100,1009565,-13.515907,-16.502896,2.986989,38.78,48.26,37.76,79.0020,131.6778,6.1080,46.5678,0,25,0
04/03/2009,17:15,84.9800,86.6300,79.9900,85.2400,1073699,-12.363396,-15.674996,3.311600,38.92,57.79,47.68,79.2930,130.0614,5.9470,44.8214,0,26,0
04/10/2009,17:15,85.1300,86.3300,80.1000,84.9700,977543,-11.341076,-14.808212,3.467136,38.72,61.22,55.76,79.9800,128.3924,4.9900,43.4224,0,27,0
04/17/2009,17:15,84.7300,84.8800,81.5700,83.0600,979086,-10.563235,-13.959217,3.395982,37.27,64.87,61.29,80.6470,126.7292,2.4130,43.6692,0,28,0
04/24/2009,17:15,82.8700,83.0200,77.3300,82.1600,1120460,-9.905231,-13.148420,3.243188,36.58,67.69,64.59,81.4770,124.8552,0.6830,42.6952,0,29,0
05/01/2009,17:15,82.0600,84.2600,78.6200,83.8100,1046884,-9.145197,-12.347775,3.202578,38.83,74.96,69.17,82.6150,123.0076,1.1950,39.1976,0,30,0
05/08/2009,17:15,83.2300,89.3600,83.1700,89.2400,1298275,-8.012348,-11.480690,3.468342,45.65,83.60,75.41,83.7140,121.1440,5.5260,31.9040,0,31,0
05/15/2009,17:15,89.1000,90.6900,86.6800,86.9500,1150621,-7.216157,-10.627783,3.411626,43.45,87.11,81.89,84.5080,119.3314,2.4420,32.3814,0,32,0
05/22/2009,17:15,87.2000,92.2400,86.7400,91.6500,921466,-6.135197,-9.729266,3.594069,48.90,92.82,87.85,85.6990,117.3890,5.9510,25.7390,0,33,0
05/29/2009,17:15,91.2800,96.6200,89.5100,96.2900,983342,-4.848232,-8.753059,3.904828,53.65,93.15,91.03,86.8480,115.6130,9.4420,19.3230,0,34,0
06/05/2009,17:15,96.2900,100.3000,94.9300,98.4200,1325957,-3.614760,-7.725399,4.110639,55.68,96.25,94.07,88.1790,113.8794,10.2410,15.4594,0,35,0
06/12/2009,17:15,98.3000,103.2100,96.7600,102.0200,1289501,-2.319992,-6.644318,4.324326,58.96,95.77,95.06,89.8570,112.1208,12.1630,10.1008,0,36,0
06/19/2009,17:15,102.1800,102.7500,98.8400,99.4600,1097654,-1.483350,-5.612124,4.128774,55.80,91.59,94.54,91.3060,110.2316,8.1540,10.7716,0,37,0
06/26/2009,17:15,99.6400,100.7300,95.8100,98.6000,1170274,-0.879561,-4.665612,3.786050,54.74,88.01,91.79,92.8600,108.3072,5.7400,9.7072,0,38,0
07/03/2009,17:15,98.6900,102.8200,95.7000,96.1700,1015013,-0.590330,-3.850555,3.260225,51.74,80.22,86.60,94.2610,106.6582,1.9090,10.4882,0,39,0
07/10/2009,17:15,94.9800,95.0900,88.1600,89.3300,1274467,-0.902638,-3.260972,2.358334,44.38,67.12,78.45,94.8130,104.9966,5.4830,15.6666,0,40,0
07/17/2009,17:15,89.3000,93.4300,87.7600,93.0000,1179853,-0.844274,-2.777632,1.933359,48.60,59.90,69.08,95.1890,103.3716,2.1890,10.3716,0,41,0
07/24/2009,17:15,92.7300,96.5600,92.1200,96.4100,1310333,-0.516903,-2.325486,1.808584,52.24,60.21,62.41,96.1350,102.0128,0.2750,5.6028,0,42,0
07/31/2009,17:15,96.4100,98.1000,91.0600,97.8100,1480258,-0.142844,-1.888958,1.746114,53.68,70.65,63.59,96.7510,100.7106,1.0590,2.9006,0,43,0
08/07/2009,17:15,97.6600,101.2000,97.4500,99.2900,1466522,0.269913,-1.457184,1.727097,55.23,77.14,69.33,97.0510,99.4220,2.2390,0.1320,0,44,0
08/14/2009,17:15,99.0300,100.5700,95.4800,95.8700,1457836,0.317401,-1.102267,1.419668,51.00,72.76,73.52,96.7960,98.0476,0.9260,2.1776,0,45,0
08/21/2009,17:15,96.0500,101.3700,93.5900,100.5400,1200439,0.723526,-0.737108,1.460634,55.96,73.74,74.54,96.6480,96.9512,3.8920,3.5888,0,46,0
08/28/2009,17:15,100.4000,101.6100,96.4800,99.5100,1214121,0.951304,-0.399426,1.350730,54.64,71.70,72.73,96.6530,95.9352,2.8570,3.5748,1,0,0
09/04/2009,17:15,99.4000,100.0100,93.7000,94.6700,1065862,0.732825,-0.172976,0.905800,48.84,68.52,71.32,96.2600,94.7842,1.5900,0.1142,2,0,0
09/11/2009,17:15,94.7600,99.5500,94.1900,95.9400,1291561,0.654611,-0.007458,0.662069,50.33,57.91,66.04,96.2370,93.5758,0.2970,2.3642,3,0,0
09/18/2009,17:15,95.8000,99.8100,94.6700,98.6900,1106764,0.805245,0.155082,0.650163,53.49,56.61,61.02,97.1730,92.6826,1.5170,6.0074,4,0,0
09/25/2009,17:15,98.4100,98.8500,91.2500,92.2200,1398133,0.397962,0.203658,0.194304,46.06,51.72,55.41,97.0950,91.9836,4.8750,0.2364,5,0,0
10/02/2009,17:15,92.3500,97.5900,91.6100,96.1500,1400439,0.387834,0.240493,0.147341,50.55,52.63,53.66,97.0690,91.4802,0.9190,4.6698,6,0,0
10/09/2009,17:15,96.0100,98.7500,94.2500,97.9700,1593006,0.520665,0.296528,0.224137,52.53,52.44,52.27,97.0850,91.1728,0.8850,6.7972,7,0,0
10/16/2009,17:15,98.4400,104.9500,98.2500,104.7300,1327211,1.158060,0.468834,0.689226,59.06,77.16,60.75,97.6290,90.9274,7.1010,13.8026,8,0,0
10/23/2009,17:15,104.8300,107.7000,103.3500,106.2100,1453217,1.762310,0.727529,1.034780,60.34,88.78,72.79,98.6630,90.8470,7.5470,15.3630,9,0,0
10/30/2009,17:15,105.3600,107.2900,102.5600,102.7100,1711716,1.936439,0.969311,0.967127,55.87,86.72,84.22,98.8800,90.7766,3.8300,11.9334,10,0,0
11/06/2009,17:15,102.7300,106.7700,102.2600,103.1400,1623512,2.085099,1.192469,0.892630,56.30,77.80,84.43,99.2430,90.8644,3.8970,12.2756,11,0,0
11/13/2009,17:15,103.5800,106.2200,101.2800,102.0600,1544019,2.091655,1.372306,0.719349,54.86,69.34,77.95,99.9820,90.8406,2.0780,11.2194,12,0,0
11/20/2009,17:15,102.2900,106.0400,101.9500,102.6600,1351755,2.120818,1.522008,0.598810,55.54,69.12,72.09,100.6540,91.1012,2.0060,11.5588,13,0,0
11/27/2009,17:15,102.9900,105.1100,97.5800,101.2400,1055915,2.006222,1.618851,0.387371,53.49,65.27,67.91,100.9090,91.2240,0.3310,10.0160,14,0,0
12/04/2009,17:15,101.2400,104.2300,100.0400,100.6600,1655000,1.847307,1.664542,0.182765,52.63,62.43,65.61,101.7530,91.5046,1.0930,9.1554,15,0,0
12/11/2009,17:15,100.9900,101.2900,94.6500,94.7000,1853584,1.226308,1.576895,-0.350587,44.71,46.30,58.00,101.6080,91.7590,6.9080,2.9410,16,0,0
12/18/2009,17:15,94.8200,99.4100,93.7800,98.1800,1148492,1.003402,1.462197,-0.458795,49.49,40.10,49.61,101.6290,91.9104,3.4490,6.2696,17,0,0
12/25/2009,17:15,98.1500,102.0100,96.4800,101.8100,681233,1.106899,1.391137,-0.284238,53.96,42.43,42.94,101.3370,92.2446,0.4730,9.5654,18,0,0
01/01/2010,17:15,101.6800,103.7600,101.5200,103.1200,522432,1.279873,1.368884,-0.089011,55.49,59.20,47.24,101.0280,92.7336,2.0920,10.3864,19,0,0
01/08/2010,17:15,103.3900,107.2800,103.3900,106.5100,1449497,1.671236,1.429355,0.241881,59.27,74.90,58.84,101.4080,93.2172,5.1020,13.2928,20,0,0
01/15/2010,17:15,106.5100,107.7100,101.4600,101.7600,1497289,1.579896,1.459463,0.120433,52.54,73.33,69.14,101.2700,93.6904,0.4900,8.0696,21,0,0
01/22/2010,17:15,101.9700,102.9000,97.4400,97.9700,1331102,1.187994,1.405169,-0.217176,47.87,59.60,69.28,100.8610,94.1220,2.8910,3.8480,22,0,0
01/29/2010,17:15,97.6700,98.8500,95.8600,96.3200,1521126,0.735785,1.271292,-0.535507,45.96,35.20,56.04,100.2270,94.5712,3.9070,1.7488,23,0,0
02/05/2010,17:15,96.3200,101.4700,92.9300,94.6200,2155008,0.237493,1.064532,-0.827040,44.01,19.75,38.18,99.5650,95.0150,4.9450,0.3950,24,0,0
02/12/2010,17:15,95.6100,99.1200,94.2000,97.5600,1997786,0.078916,0.867409,-0.788493,48.11,20.37,25.11,99.2550,95.4012,1.6950,2.1588,25,0,0
02/19/2010,17:15,97.4300,103.4100,97.4100,103.1300,1237649,0.398107,0.773549,-0.375442,54.86,37.26,25.79,100.0980,95.8836,3.0320,7.2464,26,0,0
02/26/2010,17:15,103.3700,103.8500,100.1200,102.7300,1510218,0.611739,0.741187,-0.129448,54.32,55.55,37.73,100.5530,96.3434,2.1770,6.3866,27,0,0
03/05/2010,17:15,102.7300,105.1400,101.1300,104.5700,1485849,0.918924,0.776734,0.142190,56.47,71.36,54.72,100.8290,96.7388,3.7410,7.8312,28,0,0
03/12/2010,17:15,104.8600,106.2300,103.2300,104.3100,1673994,1.128383,0.847064,0.281319,56.07,74.02,66.97,100.9480,97.1228,3.3620,7.1872,29,0,0
03/19/2010,17:15,104.2000,106.1600,102.2000,103.7000,1384365,1.230969,0.923845,0.307124,55.08,76.21,73.86,100.6670,97.4920,3.0330,6.2080,30,0,0
03/26/2010,17:15,103.5900,104.9300,101.5900,102.7300,1541734,1.219936,0.983063,0.236873,53.46,72.06,74.09,100.7640,97.8472,1.9660,4.8828,31,0,0
04/02/2010,17:15,102.9700,108.1000,102.9100,107.6000,1222825,1.585879,1.103626,0.482253,59.83,78.78,75.68,101.7270,98.3380,5.8730,9.2620,32,0,0
04/09/2010,17:15,107.6000,109.8200,106.8500,107.6500,1746653,1.858503,1.254602,0.603901,59.89,83.67,78.17,102.8600,98.8478,4.7900,8.8022,33,0,0
04/16/2010,17:15,107.9000,109.1200,105.2400,105.9700,1942223,1.916900,1.387061,0.529839,56.79,86.68,83.04,103.9950,99.2910,1.9750,6.6790,34,0,0
04/23/2010,17:15,105.7700,106.4900,103.0300,106.4200,1883923,1.976706,1.504990,0.471715,57.42,81.41,83.92,104.8810,99.6346,1.5390,6.7854,35,0,0
04/30/2010,17:15,106.4200,107.8000,102.5900,107.4500,1986488,2.083200,1.620632,0.462568,58.92,81.01,83.03,105.3130,100.0446,2.1370,7.4054,36,0,0
05/07/2010,17:15,107.5000,108.4500,95.8100,96.4100,2540983,1.262213,1.548948,-0.286736,41.95,62.15,74.86,104.6810,100.1398,8.2710,3.7298,37,0,0
05/14/2010,17:15,97.4100,99.8100,92.1300,92.9100,2270854,0.325402,1.304239,-0.978837,38.19,36.49,59.88,103.5150,100.0722,10.6050,7.1622,38,0,0
05/21/2010,17:15,93.0900,93.8200,86.8600,88.0500,2079576,-0.799967,0.883398,-1.683365,33.68,9.47,36.04,101.8890,99.8648,13.8390,11.8148,39,0,0
05/28/2010,17:15,88.6300,93.7300,85.1600,91.9800,1903224,-1.359046,0.434909,-1.793955,39.87,13.46,19.81,100.7170,99.6640,8.7370,7.6840,40,0,0
06/04/2010,17:15,91.9800,93.4300,88.7400,89.5200,1717547,-1.977822,-0.047637,-1.930185,37.51,17.11,13.35,99.3960,99.4652,9.8760,9.9452,0,1,0
06/11/2010,17:15,88.3600,94.3100,87.5200,91.7900,2128036,-2.258996,-0.489909,-1.769087,40.98,24.07,18.22,97.8150,99.3290,6.0250,7.5390,0,2,0
06/18/2010,17:15,92.0700,96.1400,92.0500,95.1900,1428372,-2.182321,-0.828391,-1.353930,45.83,28.41,23.20,96.5690,99.3094,1.3790,4.1194,0,3,0
06/25/2010,17:15,95.6200,96.8700,92.1000,95.7900,1513110,-2.049515,-1.072616,-0.976899,46.66,36.89,29.79,95.5510,99.4386,0.2390,3.6486,0,4,0
07/02/2010,17:15,95.9300,96.3100,88.5500,89.0700,1565576,-2.458176,-1.349728,-1.108448,39.36,33.21,32.84,93.8160,99.3600,4.7460,10.2900,0,5,0
07/09/2010,17:15,88.6000,93.4100,88.0200,93.0200,1210087,-2.435239,-1.566830,-0.868409,44.82,30.28,33.46,92.3730,99.2922,0.6470,6.2722,0,6,0
07/16/2010,17:15,93.2300,95.0800,91.1800,92.9400,1562345,-2.395899,-1.732644,-0.663255,44.74,26.68,30.06,92.0260,99.1948,0.9140,6.2548,0,7,0
07/23/2010,17:15,92.6300,96.1600,92.4100,95.5400,1535515,-2.130365,-1.812188,-0.318177,48.29,36.18,31.05,92.2890,99.1198,3.2510,3.5798,0,8,0
07/30/2010,17:15,95.5400,96.2500,92.4600,95.5100,1564679,-1.900442,-1.829839,-0.070603,48.25,40.42,34.43,93.0350,99.1126,2.4750,3.6026,0,9,0
08/06/2010,17:15,95.5100,99.5300,95.3900,97.2600,1522741,-1.559044,-1.775680,0.216636,50.72,46.99,41.20,93.5630,99.0470,3.6970,1.7870,0,10,0
08/13/2010,17:15,97.4700,98.3200,91.5700,91.9500,1786740,-1.697389,-1.760022,0.062632,43.88,47.75,45.05,93.8060,98.8958,1.8560,6.9458,0,11,0
08/20/2010,17:15,92.1600,93.1900,89.6400,90.0200,1366991,-1.940396,-1.796097,-0.144300,41.68,45.40,46.71,93.6290,98.8028,3.6090,8.7828,0,12,0
08/27/2010,17:15,90.1000,91.7900,86.9600,91.3700,1777569,-2.000982,-1.837074,-0.163908,43.80,41.16,44.77,93.2470,98.7114,1.8770,7.3414,0,13,0
09/03/2010,17:15,91.7000,91.7800,87.7300,90.8000,1846153,-2.071115,-1.883882,-0.187233,43.09,36.09,40.89,92.7480,98.5536,1.9480,7.7536,0,14,0
09/10/2010,17:15,90.2000,92.9300,88.8300,92.6500,1570651,-1.954883,-1.898082,-0.056801,46.15,39.84,39.03,93.1060,98.5622,0.4560,5.9122,0,15,0
09/17/2010,17:15,92.5600,94.2400,88.9500,89.8600,1606708,-2.064104,-1.931286,-0.132817,42.44,32.96,36.30,92.7900,98.4364,2.9300,8.5764,0,16,0
09/24/2010,17:15,89.7600,91.7100,88.5200,91.4300,1533155,-2.000911,-1.945211,-0.055699,45.11,34.63,35.81,92.6390,98.3056,1.2090,6.8756,0,17,0
10/01/2010,17:15,91.4100,96.6900,90.4600,96.5200,1786556,-1.522558,-1.860681,0.338122,52.78,44.90,37.50,92.7370,98.1414,3.7830,1.6214,0,18,0
10/08/2010,17:15,96.6200,99.3700,95.2400,97.6000,1864345,-1.044276,-1.697400,0.653124,54.24,65.42,48.32,92.9460,97.9692,4.6540,0.3692,0,19,0
10/15/2010,17:15,97.8900,99.0600,95.6900,96.1900,1584989,-0.770131,-1.511946,0.741815,51.98,78.04,62.79,92.8390,97.8388,3.3510,1.6488,0,20,0
10/22/2010,17:15,96.3200,98.2200,94.0600,95.9100,1752928,-0.568905,-1.323338,0.754433,51.52,76.43,73.30,93.2350,97.6942,2.6750,1.7842,0,21,0
10/29/2010,17:15,96.2300,97.5000,94.7400,95.6500,1591196,-0.425507,-1.143772,0.718265,51.07,71.25,75.24,93.7980,97.5660,1.8520,1.9160,0,22,0
11/05/2010,17:15,95.6500,101.6500,95.5400,101.0700,1670098,0.124056,-0.890206,1.014262,59.10,79.71,75.80,94.7680,97.5342,6.3020,3.5358,0,23,0
11/12/2010,17:15,101.6100,102.8500,98.7400,99.1000,1972628,0.396060,-0.632953,1.029013,55.53,80.97,77.31,95.5980,97.4914,3.5020,1.6086,0,24,0
11/19/2010,17:15,99.0900,99.9900,94.2800,95.6000,1798491,0.325453,-0.441272,0.766725,49.78,75.08,78.59,95.8930,97.3902,0.2930,1.7902,0,25,0
11/26/2010,17:15,95.7700,98.1500,93.9000,97.3800,1140771,0.408420,-0.271334,0.679753,52.48,65.45,73.83,96.6450,97.4438,0.7350,0.0638,0,26,0
12/03/2010,17:15,97.5200,103.1100,97.1700,102.8100,1700171,0.901930,-0.036681,0.938611,59.60,72.39,70.97,97.7830,97.5364,5.0270,5.2736,1,0,0
12/10/2010,17:15,103.0600,104.3800,100.7200,101.4100,1807475,1.166624,0.203980,0.962644,57.22,81.46,73.10,98.2720,97.5284,3.1380,3.8816,2,0,0
12/17/2010,17:15,101.2900,103.1100,100.4500,101.5200,1396170,1.369486,0.437081,0.932404,57.36,86.99,80.28,98.6640,97.4964,2.8560,4.0236,3,0,0
12/24/2010,17:15,101.7000,104.5500,100.6500,104.4300,785689,1.744953,0.698656,1.046297,61.10,87.54,85.33,99.4880,97.4548,4.9420,6.9752,4,0,0
12/31/2010,17:15,103.9900,104.9800,101.9400,104.3000,707244,2.008866,0.960698,1.048169,60.84,92.11,88.88,100.3270,97.5056,3.9730,6.7944,5,0,0
01/07/2011,17:15,104.2300,105.5000,100.1700,100.9500,1942887,1.925507,1.153659,0.771847,54.50,87.31,88.99,100.8570,97.5652,0.0930,3.3848,6,0,0
01/14/2011,17:15,101.9200,105.3100,101.0500,104.4600,1914953,2.118253,1.346578,0.771675,59.29,83.38,87.60,101.1960,97.7280,3.2640,6.7320,7,0,0
01/21/2011,17:15,103.9700,105.0100,100.8600,101.1000,1266829,1.977092,1.472681,0.504411,53.48,71.29,80.66,101.3960,97.8576,0.2960,3.2424,8,0,0
01/28/2011,17:15,101.2500,101.7200,97.1000,101.3300,1996652,1.862312,1.550607,0.311705,53.81,72.39,75.69,101.9690,97.9330,0.6390,3.3970,9,0,0
02/04/2011,17:15,101.3300,104.8300,100.3900,101.0200,1792209,1.726432,1.585772,0.140660,53.26,62.50,68.73,102.3330,97.8908,1.3130,3.1292,10,0,0
02/11/2011,17:15,101.0500,101.5300,97.0900,97.5700,1909649,1.325086,1.533635,-0.208549,47.41,52.36,62.41,101.8090,97.7876,4.2390,0.2176,11,0,0
02/18/2011,17:15,97.4900,99.8700,95.8400,98.1900,1447805,1.044998,1.435907,-0.390909,48.50,43.33,52.73,101.4870,97.6600,3.2970,0.5300,12,0,0
02/25/2011,17:15,98.5200,111.8900,98.2500,106.3600,1943219,1.465386,1.441803,0.023583,60.25,49.58,48.42,101.9710,97.7010,4.3890,8.6590,13,0,0
03/04/2011,17:15,106.9800,113.6500,104.8500,112.9000,1782511,2.299759,1.613394,0.686365,66.78,71.33,54.75,102.8180,97.8850,10.0820,15.0150,14,0,0
03/11/2011,17:15,113.1300,115.4300,107.4900,109.6400,1953938,2.667205,1.824156,0.843049,61.37,78.21,66.37,103.3520,98.0232,6.2880,11.6168,15,0,0
03/18/2011,17:15,108.7900,112.1400,104.7000,109.5500,1524690,2.917515,2.042828,0.874687,61.22,78.21,75.91,104.2120,98.0622,5.3380,11.4878,16,0,0
03/25/2011,17:15,110.7200,114.3900,109.8000,113.1000,1293497,3.363570,2.306977,1.056594,64.81,76.18,77.53,105.0760,98.1712,8.0240,14.9288,17,0,0
04/01/2011,17:15,113.1300,116.1700,110.4000,115.6400,1281138,3.877333,2.621048,1.256285,67.16,85.31,79.90,106.5300,98.3646,9.1100,17.2754,18,0,0
04/08/2011,17:15,115.9900,120.9100,115.2000,120.4900,1387831,4.622562,3.021351,1.601212,71.12,94.95,85.48,108.4460,98.6460,12.0440,21.8440,19,0,0
04/15/2011,17:15,120.9800,121.1600,113.0100,117.3600,1953302,4.904066,3.397894,1.506172,65.62,93.28,91.18,110.0800,98.8442,7.2800,18.5158,20,0,0
04/22/2011,17:15,117.1900,119.6200,113.1500,119.4300,1145066,5.233859,3.765087,1.468772,67.41,92.14,93.46,112.2660,99.3046,7.1640,20.1254,21,0,0
04/29/2011,17:15,119.4800,121.3200,117.8500,121.0700,1286256,5.563425,4.124754,1.438670,68.80,92.41,92.61,114.5540,99.8678,6.5160,21.2022,22,0,0
05/06/2011,17:15,121.0300,121.9700,101.7700,104.3200,2220955,4.422048,4.184213,0.237835,46.84,74.48,86.34,114.3500,100.1932,10.0300,4.1268,23,0,0
05/13/2011,17:15,105.2500,111.7400,102.3900,106.7900,2323878,3.674451,4.082261,-0.407810,49.41,57.45,74.78,113.7390,100.4894,6.9490,6.3006,24,0,0
05/20/2011,17:15,106.5000,108.1300,102.1600,106.7800,1726171,3.046054,3.875019,-0.828965,49.40,38.74,56.89,113.4530,100.8346,6.6730,5.9454,25,0,0
05/27/2011,17:15,106.3600,108.5800,103.0500,107.2700,1535627,2.558097,3.611635,-1.053538,49.95,40.68,45.62,113.2250,101.1442,5.9550,6.1258,26,0,0
06/03/2011,17:15,107.0200,110.0700,104.8000,106.9000,1436459,2.117126,3.312733,-1.195607,49.51,35.82,38.41,112.6050,101.3784,5.7050,5.5216,27,0,0
06/10/2011,17:15,107.1000,109.1200,104.4200,105.9700,1914098,1.673321,2.984851,-1.311530,48.35,28.62,35.04,111.6380,101.5820,5.6680,4.3880,28,0,0
06/17/2011,17:15,105.4500,106.6300,98.5200,99.6900,1819455,0.805573,2.548995,-1.743422,41.33,16.44,26.96,109.5580,101.7944,9.8680,2.1044,29,0,0
06/24/2011,17:15,99.4600,101.9900,95.9800,97.4500,1719388,-0.062157,2.026765,-2.088921,39.14,9.82,18.29,107.5670,101.8830,10.1170,4.4330,30,0,0
07/01/2011,17:15,97.4500,102.1300,95.9000,101.2300,1446701,-0.439755,1.533461,-1.973216,44.48,10.55,12.27,105.7470,102.0488,4.5170,0.8188,31,0,0
07/08/2011,17:15,101.2600,105.7100,100.6300,102.4900,1251240,-0.630070,1.100755,-1.730824,46.17,17.14,12.50,103.8890,102.1878,1.3990,0.3022,32,0,0
07/15/2011,17:15,102.3900,105.5000,99.8400,103.5300,1679920,-0.689034,0.742797,-1.431831,47.59,25.00,17.56,103.8100,102.3482,0.2800,1.1818,33,0,0
07/22/2011,17:15,103.6600,106.1600,100.9800,105.8400,1311588,-0.543105,0.485617,-1.028721,50.71,30.89,24.34,103.7150,102.5198,2.1250,3.3202,34,0,0
07/29/2011,17:15,105.7300,106.5900,100.9200,101.6700,1363056,-0.755233,0.237447,-0.992680,45.46,29.84,28.58,103.2040,102.7142,1.5340,1.0442,35,0,0
08/05/2011,17:15,102.1700,104.5700,88.8400,92.8500,2125682,-1.616414,-0.133325,-1.483088,36.78,23.13,27.95,101.7620,102.7708,8.9120,9.9208,0,1,0
08/12/2011,17:15,91.6800,93.3400,81.6800,91.3500,2499189,-2.392365,-0.585133,-1.807232,35.54,21.79,24.92,100.2070,102.7704,8.8570,11.4204,0,2,0
08/19/2011,17:15,91.5600,94.9700,85.2200,88.2500,1736850,-3.220335,-1.112174,-2.108161,33.06,22.11,22.34,98.4350,102.7194,10.1850,14.4694,0,3,0
08/26/2011,17:15,88.1100,92.4300,87.0200,91.2100,1663997,-3.596204,-1.608980,-1.987224,37.54,29.68,24.53,97.5870,102.6906,6.3770,11.4806,0,4,0
09/02/2011,17:15,91.1700,95.7400,90.9500,92.2900,1431310,-3.763553,-2.039894,-1.723658,39.15,31.36,27.72,97.0710,102.7392,4.7810,10.4492,0,5,0
09/09/2011,17:15,89.5000,96.3200,89.0400,93.0800,1315857,-3.788757,-2.389667,-1.399090,40.35,37.45,32.83,96.2560,102.7722,3.1760,9.6922,0,6,0
09/16/2011,17:15,92.5400,96.3600,90.8400,93.8000,1557557,-3.707891,-2.653312,-1.054579,41.49,42.25,37.02,95.3870,102.7178,1.5870,8.9178,0,7,0
09/23/2011,17:15,93.4200,93.6100,83.1700,85.4700,1734275,-4.266781,-2.976005,-1.290775,33.52,35.33,38.34,93.5810,102.4752,8.1110,17.0052,0,8,0
09/30/2011,17:15,85.2600,90.3900,82.7300,84.8200,1641391,-4.707885,-3.322381,-1.385504,32.99,25.48,34.35,91.4790,102.2478,6.6590,17.4278,0,9,0
10/07/2011,17:15,84.5400,89.6200,80.5700,88.6000,1920591,-4.698290,-3.597563,-1.100727,39.05,19.73,26.84,90.1720,102.1016,1.5720,13.5016,0,10,0
10/14/2011,17:15,88.3700,93.0400,88.3700,92.4200,1556493,-4.332501,-3.744551,-0.587951,44.52,29.92,25.04,90.1290,102.0370,2.2910,9.6170,0,11,0
10/21/2011,17:15,93.1000,95.1200,89.6500,92.8300,1483196,-3.963835,-3.788408,-0.175427,45.09,41.17,30.27,90.2770,101.8722,2.5530,9.0422,0,12,0
10/28/2011,17:15,92.4800,100.0800,92.4300,98.7500,1989163,-3.157571,-3.662240,0.504669,52.64,54.18,41.76,91.3270,101.8652,7.4230,3.1152,0,13,0
11/04/2011,17:15,98.9600,100.3600,94.6000,99.6900,1440974,-2.414914,-3.412775,0.997861,53.73,65.18,53.51,92.1750,101.9470,7.5150,2.2570,0,14,0
11/11/2011,17:15,99.8300,104.8300,98.6600,104.4200,1710980,-1.428217,-3.015863,1.587646,58.85,82.32,67.23,93.3880,102.0878,11.0320,2.3322,0,15,0
11/18/2011,17:15,104.7300,108.7900,102.1200,103.0900,1846330,-0.744985,-2.561688,1.816703,56.94,85.63,77.71,94.3890,102.0934,8.7010,0.9966,0,16,0
11/25/2011,17:15,102.9600,104.1200,100.4100,102.1900,1067639,-0.272994,-2.103949,1.830955,55.63,84.25,84.07,95.2280,102.1090,6.9620,0.0810,0,17,0
12/02/2011,17:15,102.9200,107.1700,102.5500,106.3800,1457229,0.434155,-1.596328,2.030483,60.23,82.62,84.17,97.3190,102.2062,9.0610,4.1738,0,18,0
12/09/2011,17:15,106.6500,107.8600,102.7800,104.8300,1446386,0.859595,-1.105144,1.964739,57.84,84.68,83.85,99.3200,102.2142,5.5100,2.6158,0,19,0
12/16/2011,17:15,105.0000,106.6700,97.9400,98.9500,1517029,0.714061,-0.741303,1.455364,49.77,80.85,82.72,100.3550,102.1072,1.4050,3.1572,0,20,0
12/23/2011,17:15,98.9700,105.4300,97.9700,104.8800,923377,1.064950,-0.380052,1.445002,56.38,79.08,81.54,101.6010,102.1858,3.2790,2.6942,0,21,0
12/30/2011,17:15,105.1200,106.9700,103.5000,104.0300,596872,1.259920,-0.052058,1.311978,55.26,78.14,79.36,102.7210,102.1772,1.3090,1.8528,1,0,0
01/06/2012,17:15,104.9000,108.9400,104.8500,106.7600,1133265,1.616095,0.281573,1.334522,58.14,87.21,81.47,103.5220,102.2904,3.2380,4.4696,2,0,0
01/13/2012,17:15,107.1200,108.6100,102.9000,103.9000,1620913,1.648583,0.554975,1.093608,54.20,84.47,83.27,103.9430,102.3418,0.0430,1.5582,3,0,0
01/20/2012,17:15,104.8600,107.2700,103.0500,103.3600,1200756,1.612173,0.766415,0.845759,53.46,81.24,84.31,103.8370,102.3886,0.4770,0.9714,4,0,0
01/27/2012,17:15,103.3700,106.4200,102.4300,104.5900,1318431,1.663394,0.945811,0.717584,54.97,73.44,79.72,103.9870,102.5290,0.6030,2.0610,5,0,0
02/03/2012,17:15,105.0300,106.3200,100.4700,102.8700,1533152,1.547361,1.066121,0.481240,52.42,68.09,74.26,104.0550,102.6226,1.1850,0.2474,6,0,0
02/10/2012,17:15,102.7700,105.2100,100.8700,103.7000,1641169,1.505028,1.153902,0.351126,53.54,62.58,68.04,103.7870,102.5694,0.0870,1.1306,7,0,0
02/17/2012,17:15,104.3600,109.1700,104.1200,108.2700,1192426,1.819269,1.286975,0.532293,59.22,66.61,65.76,104.1310,102.4768,4.1390,5.7932,8,0,0
02/24/2012,17:15,109.4200,114.6200,109.2800,114.4400,1150943,2.536930,1.536966,0.999964,65.38,83.76,70.98,105.6800,102.5728,8.7600,11.8672,9,0,0
03/02/2012,17:15,114.3400,115.2200,109.5100,111.3700,1598947,2.825389,1.794651,1.030738,60.49,89.09,79.82,106.3290,102.6092,5.0410,8.7608,10,0,0
03/09/2012,17:15,111.4200,112.8700,109.0200,112.0700,1475544,3.075032,2.050727,1.024305,61.20,85.99,86.28,107.1330,102.5886,4.9370,9.4814,11,0,0
03/16/2012,17:15,112.1700,112.2300,108.4500,111.7300,1321628,3.208456,2.282273,0.926183,60.63,79.76,84.95,107.6300,102.5104,4.1000,9.2196,12,0,0
03/23/2012,17:15,111.9300,112.8500,108.6500,111.0200,1380944,3.219788,2.469776,0.750012,59.38,79.08,81.61,108.3420,102.3210,2.6780,8.6990,13,0,0
03/30/2012,17:15,110.9400,111.8800,106.2800,107.1700,1244519,2.884851,2.552791,0.332060,53.00,68.06,75.63,108.7230,102.1172,1.5530,5.0528,14,0,0
04/06/2012,17:15,107.4200,109.6400,105.2300,107.4600,1067270,2.612695,2.564772,0.047923,53.41,57.20,68.11,109.0100,101.8778,1.5500,5.5822,15,0,0
04/13/2012,17:15,106.6800,108.3900,104.8300,106.9800,1300403,2.331402,2.518098,-0.186696,52.60,45.65,56.97,109.4210,101.5960,2.4410,5.3840,16,0,0
04/20/2012,17:15,106.9500,109.2200,105.8300,107.5800,1207148,2.132310,2.440940,-0.308630,53.54,46.58,49.81,109.8090,101.6612,2.2290,5.9188,17,0,0
04/27/2012,17:15,107.5200,108.7000,105.5200,108.6300,1060926,2.035787,2.359910,-0.324122,55.23,49.22,47.15,109.8450,101.6980,1.2150,6.9320,18,0,0
05/04/2012,17:15,108.6300,110.1300,101.2100,102.1900,1473966,1.423232,2.172574,-0.749342,44.54,38.40,44.73,108.6200,101.6062,6.4300,0.5838,19,0,0
05/11/2012,17:15,101.7500,101.9400,98.8700,99.8300,1509959,0.738829,1.885825,-1.146996,41.38,23.64,37.09,107.4660,101.4574,7.6360,1.6274,20,0,0
05/18/2012,17:15,99.4900,99.5300,94.6300,95.1800,1336899,-0.176745,1.473311,-1.650056,35.97,6.25,22.76,105.7770,101.2230,10.5970,6.0430,21,0,0
05/25/2012,17:15,95.0900,96.7200,92.6600,94.2400,1098460,-0.967046,0.985240,-1.952286,34.97,5.19,11.69,104.0280,100.9884,9.7880,6.7484,22,0,0
06/01/2012,17:15,94.3800,95.5900,85.6700,86.6100,1312771,-2.183868,0.351418,-2.535286,28.15,4.22,5.22,101.5870,100.7268,14.9770,14.1168,23,0,0
06/08/2012,17:15,86.3400,90.4100,84.5900,87.4800,1512880,-3.042930,-0.327452,-2.715478,29.83,6.73,5.38,99.6180,100.5274,12.1380,13.0474,0,1,0
06/15/2012,17:15,89.1000,90.0200,84.4500,87.4100,1487056,-3.686891,-0.999339,-2.687551,29.77,7.87,6.28,97.6130,100.2510,10.2030,12.8410,0,2,0
06/22/2012,17:15,88.4700,88.9800,80.6100,82.8100,1580563,-4.516354,-1.702742,-2.813612,26.05,9.05,7.89,95.1960,99.8574,12.3860,17.0474,0,3,0
06/29/2012,17:15,83.2500,88.3900,80.3300,88.0100,1504472,-4.699936,-2.302181,-2.397755,35.82,13.93,10.29,93.2390,99.5470,5.2290,11.5370,0,4,0
07/06/2012,17:15,87.7000,92.0300,85.1500,87.5000,1300110,-4.830890,-2.807923,-2.022967,35.33,18.22,13.73,91.1260,99.1802,3.6260,11.6802,0,5,0
07/13/2012,17:15,87.2500,90.6600,86.7000,90.1500,1357684,-4.667041,-3.179747,-1.487295,39.96,27.07,19.74,89.9220,98.9498,0.2280,8.7998,0,6,0
07/20/2012,17:15,90.1800,96.0000,89.4600,94.5800,1216725,-4.132094,-3.370216,-0.761878,46.81,34.94,26.74,89.3970,98.9844,5.1830,4.4044,0,7,0
07/27/2012,17:15,94.3600,94.3900,89.5900,92.8800,1333584,-3.801498,-3.456472,-0.345026,44.70,40.96,34.32,89.1670,99.0150,3.7130,6.1350,0,8,0
08/03/2012,17:15,92.8900,94.4900,89.6700,94.1500,1359631,-3.397852,-3.444748,0.046896,46.64,45.44,40.45,89.1580,99.1330,4.9920,4.9830,0,9,0
08/10/2012,17:15,94.0900,97.4700,93.3800,95.6200,1207466,-2.925618,-3.340922,0.415304,48.86,51.30,45.90,90.0590,99.2212,5.5610,3.6012,0,10,0
08/17/2012,17:15,96.0000,99.0700,94.8000,98.7600,1106925,-2.271810,-3.127100,0.855290,53.35,67.33,54.69,91.1870,99.3506,7.5730,0.5906,0,11,0
08/24/2012,17:15,99.0800,100.7300,97.7600,98.5900,1070190,-1.747239,-2.851128,1.103889,53.08,84.92,67.85,92.3050,99.4608,6.2850,0.8708,0,12,0
08/31/2012,17:15,99.1100,100.1600,96.3900,98.9100,1056707,-1.290811,-2.539064,1.248253,53.55,92.12,81.46,93.9150,99.5630,4.9950,0.6530,0,13,0
09/07/2012,17:15,98.8200,100.1500,96.5200,98.8600,1109299,-0.922489,-2.215749,1.293260,53.46,90.47,89.17,95.0000,99.8308,3.8600,0.9708,0,14,0
09/14/2012,17:15,98.6800,102.8600,97.7800,101.4400,1230379,-0.417594,-1.856118,1.438524,57.51,91.93,91.51,96.3940,100.1632,5.0460,1.2768,0,15,0
09/21/2012,17:15,101.5900,101.9600,93.0700,95.0000,1308517,-0.530994,-1.591093,1.060100,46.61,82.97,88.46,96.8790,100.2912,1.8790,5.2912,0,16,0
09/28/2012,17:15,95.2900,95.3100,91.0600,94.3000,1146880,-0.669629,-1.406800,0.737172,45.60,73.61,82.83,96.8510,100.3288,2.5510,6.0288,0,17,0
10/05/2012,17:15,94.2600,95.4400,89.8100,91.9900,1303759,-0.954889,-1.316418,0.361529,42.34,56.52,71.03,96.7620,100.3120,4.7720,8.3220,0,18,0
10/12/2012,17:15,91.9600,95.7700,90.3200,93.9700,1382779,-1.009552,-1.255045,0.245493,45.91,49.79,59.97,96.7440,100.2164,2.7740,6.2464,0,19,0
10/19/2012,17:15,93.7400,95.1700,91.8700,92.1200,1242044,-1.188453,-1.241727,0.053273,43.22,35.48,47.26,96.3940,100.0650,4.2740,7.9450,0,20,0
10/26/2012,17:15,91.7300,92.9500,86.6200,87.9600,1304428,-1.646926,-1.322766,-0.324160,37.84,24.61,36.62,95.3140,99.7358,7.3540,11.7758,0,21,0
11/02/2012,17:15,88.1100,89.1000,86.3400,86.5400,959018,-2.100636,-1.478340,-0.622296,36.18,9.10,23.06,94.1090,99.4048,7.5690,12.8648,0,22,0
11/09/2012,17:15,86.3300,90.9000,85.7300,87.7500,1566039,-2.335644,-1.649801,-0.685843,38.65,7.14,13.61,92.9930,99.1160,5.2430,11.3660,0,23,0
11/16/2012,17:15,87.8700,88.6400,86.2500,88.1700,1445445,-2.459646,-1.811770,-0.647876,39.52,9.18,8.47,91.9240,98.7518,3.7540,10.5818,0,24,0
11/23/2012,17:15,88.5500,91.0500,87.4200,89.5300,895632,-2.420278,-1.933472,-0.486806,42.38,16.07,10.80,90.7330,98.4458,1.2030,8.9158,0,25,0
11/30/2012,17:15,89.4600,90.2400,86.6100,90.1600,1103043,-2.311596,-2.009097,-0.302500,43.70,20.76,15.34,90.2490,98.2700,0.0890,8.1100,0,26,0
12/07/2012,17:15,90.1000,91.5800,86.9300,87.1800,1177388,-2.437825,-2.094842,-0.342983,39.11,18.84,18.56,89.5370,97.9160,2.3570,10.7360,0,27,0
12/14/2012,17:15,87.2300,88.9300,86.4600,87.9800,1176497,-2.445123,-2.164898,-0.280224,40.91,15.82,18.47,89.1360,97.5950,1.1560,9.6150,0,28,0
12/21/2012,17:15,88.1300,91.3200,87.7300,89.4400,942023,-2.306508,-2.193220,-0.113288,44.14,14.68,16.44,88.6830,97.2486,0.7570,7.8086,0,29,0
12/28/2012,17:15,89.3800,92.2700,88.9800,91.5800,474259,-2.000910,-2.154758,0.153848,48.59,27.21,19.24,88.6290,97.0022,2.9510,5.4222,0,30,0
01/04/2013,17:15,91.1900,94.6500,90.7800,93.8700,723949,-1.556001,-2.035007,0.479006,52.90,48.75,30.21,89.2200,96.8124,4.6500,2.9424,0,31,0
01/11/2013,17:15,93.9900,95.4800,93.2000,94.3400,1100660,-1.152200,-1.858445,0.706245,53.76,75.03,50.33,90.0000,96.6074,4.3400,2.2674,0,32,0
01/18/2013,17:15,94.5200,96.8200,93.7300,96.3700,1126684,-0.660764,-1.618909,0.958145,57.37,87.87,70.55,90.8620,96.4774,5.5080,0.1074,0,33,0
01/25/2013,17:15,96.1800,97.2500,95.2800,96.2100,971307,-0.280970,-1.351321,1.070352,56.99,91.06,84.65,91.6660,96.3276,4.5440,0.1176,0,34,0
02/01/2013,17:15,96.3700,98.5700,95.8000,98.1000,1132299,0.170561,-1.046945,1.217506,60.32,94.47,91.13,92.5230,96.1242,5.5770,1.9758,0,35,0
02/08/2013,17:15,98.0500,98.0900,95.3700,96.0500,1173335,0.358849,-0.765786,1.124635,55.32,89.17,91.56,93.1120,95.7564,2.9380,0.2936,0,36,0
02/15/2013,17:15,96.1200,98.4400,95.3000,96.1900,1123173,0.513446,-0.509940,1.023385,55.59,85.87,89.84,94.0130,95.4528,2.1770,0.7372,0,37,0
02/22/2013,17:15,96.1700,97.2700,92.2200,92.9100,1062358,0.367065,-0.334539,0.701604,48.23,71.67,82.23,94.5060,95.0696,1.5960,2.1596,0,38,0
03/01/2013,17:15,93.0100,94.2400,89.8200,90.4600,1116452,0.052755,-0.257080,0.309835,43.58,55.80,71.11,94.6080,94.6442,4.1480,4.1842,0,39,0
03/08/2013,17:15,90.4900,91.8100,89.1100,91.7300,1140032,-0.092790,-0.224222,0.131432,46.46,43.27,56.91,94.6230,94.2584,2.8930,2.5284,1,0,0
03/15/2013,17:15,91.6100,93.6200,90.6700,93.6000,1011286,-0.056590,-0.190696,0.134105,50.47,45.17,48.08,94.5960,93.9870,0.9960,0.3870,2,0,0
03/22/2013,17:15,93.0300,93.8800,91.2500,93.1200,1088617,-0.065874,-0.165731,0.099857,49.44,50.77,46.40,94.4740,93.7002,1.3540,0.5802,3,0,0
03/29/2013,17:15,93.1300,96.7600,93.1100,96.6400,850260,0.208401,-0.090905,0.299306,56.42,62.05,52.66,94.5010,93.4934,2.1390,3.1466,4,0,0
04/05/2013,17:15,96.7700,97.2100,91.3200,92.1100,1327105,0.059546,-0.060815,0.120361,47.36,53.70,55.50,94.0910,93.1840,1.9810,1.0740,5,0,0
04/12/2013,17:15,92.4300,94.2300,89.6800,90.7000,1243413,-0.170235,-0.082699,-0.087536,44.94,42.97,52.90,93.3510,92.8254,2.6510,2.1254,6,0,0
04/19/2013,17:15,90.3600,90.3900,85.0200,87.3900,1410853,-0.612369,-0.188633,-0.423736,39.80,21.44,39.37,92.4850,92.5294,5.0950,5.1394,0,1,0
04/26/2013,17:15,87.3200,92.9900,86.8100,92.1200,1296354,-0.574470,-0.265800,-0.308669,48.81,30.25,31.55,92.0780,92.3752,0.0420,0.2552,0,2,0
05/03/2013,17:15,91.8200,95.1600,89.2300,94.7300,1432819,-0.330025,-0.278645,-0.051379,52.99,47.18,32.96,92.2600,92.3662,2.4700,2.3638,0,3,0
05/10/2013,17:15,94.7000,96.2900,92.4900,95.1600,1433775,-0.100445,-0.243005,0.142560,53.66,66.51,47.98,92.7300,92.3846,2.4300,2.7754,1,0,0
05/17/2013,17:15,94.8800,95.5700,91.2500,95.1200,1381859,0.077379,-0.178928,0.256307,53.59,74.15,62.62,93.0690,92.5548,2.0510,2.5652,2,0,0
05/24/2013,17:15,95.0800,96.1800,91.0400,92.9800,1387076,0.045106,-0.134121,0.179227,49.51,72.14,70.93,93.0070,92.6648,0.0270,0.3152,3,0,0
05/31/2013,17:15,92.7200,94.7500,90.3900,90.8000,1097284,-0.154597,-0.138216,-0.016380,45.70,62.97,69.75,92.7750,92.7326,1.9750,1.9326,4,0,0
06/07/2013,17:15,90.5600,95.2200,90.0900,94.8600,1455516,0.014578,-0.107658,0.122235,52.96,64.37,66.49,92.5970,92.9736,2.2630,1.8864,0,1,0
06/14/2013,17:15,94.9200,97.0800,92.8700,96.6800,1202300,0.292141,-0.027698,0.319839,55.82,74.60,67.31,93.0540,93.1470,3.6260,3.5330,0,2,0
06/21/2013,17:15,96.6800,97.7700,91.6800,92.2500,1356532,0.152885,0.008419,0.144467,48.16,77.38,72.12,93.2090,93.2420,0.9590,0.9920,0,3,0
06/28/2013,17:15,92.4100,96.3800,91.2300,95.1200,1391698,0.270985,0.060932,0.210053,52.69,76.92,76.30,93.9820,93.3414,1.1380,1.7786,1,0,0
07/05/2013,17:15,95.1400,102.2400,94.6300,101.7800,1124251,0.891708,0.227087,0.664621,61.17,79.80,78.03,94.9480,93.4854,6.8320,8.2946,2,0,0
07/12/2013,17:15,102.5100,106.0100,100.6900,104.5100,1495179,1.585645,0.498799,1.086846,64.01,90.95,82.56,95.9260,93.7180,8.5840,10.7920,3,0,0
07/19/2013,17:15,104.6100,107.6200,103.2100,106.5600,1247823,2.274790,0.853997,1.420793,66.03,95.03,88.60,97.0660,93.9662,9.4940,12.5938,4,0,0
07/26/2013,17:15,106.7600,107.2900,102.5900,103.3900,1283203,2.535918,1.190381,1.345537,60.40,89.46,91.81,97.8930,94.1216,5.4970,9.2684,5,0,0
08/02/2013,17:15,103.3000,107.5100,101.3600,105.6300,1257966,2.890296,1.530364,1.359931,62.81,88.22,90.90,99.1580,94.2590,6.4720,11.3710,6,0,0
08/09/2013,17:15,105.5300,106.3800,100.9100,104.6600,1395964,3.057625,1.835816,1.221809,61.08,83.82,87.16,100.5440,94.3804,4.1160,10.2796,7,0,0
08/16/2013,17:15,104.5300,106.7800,103.7200,106.1200,1241812,3.270346,2.122722,1.147624,62.74,87.93,86.66,101.6700,94.5246,4.4500,11.5954,8,0,0
08/23/2013,17:15,106.4000,106.4300,102.3300,105.2500,1305749,3.330337,2.364245,0.966092,61.06,87.01,86.25,102.5270,94.6524,2.7230,10.5976,9,0,0
08/30/2013,17:15,105.7400,111.0700,104.3900,106.4800,1282532,3.437506,2.578897,0.858608,62.59,84.90,86.62,103.9500,94.7532,2.5300,11.7268,10,0,0
09/06/2013,17:15,105.9000,109.5300,103.0400,109.3600,967150,3.712040,2.805526,0.906514,65.95,85.43,85.78,105.3740,95.0404,3.9860,14.3196,11,0,0
09/13/2013,17:15,109.1100,109.2900,105.2200,107.0400,1287281,3.699757,2.984372,0.715385,61.18,83.28,84.54,105.9000,95.2952,1.1400,11.7448,12,0,0
09/20/2013,17:15,106.3300,107.5800,103.7700,104.1800,1355014,3.419823,3.071462,0.348360,55.82,79.18,82.63,105.8670,95.5390,1.6870,8.6410,13,0,0
09/27/2013,17:15,104.3200,104.5500,101.6300,102.3000,1135207,3.011557,3.059481,-0.047924,52.56,66.92,76.46,105.4410,95.7056,3.1410,6.5944,14,0,0
10/04/2013,17:15,101.8900,103.8100,100.4800,103.2700,1141683,2.734750,2.994535,-0.259785,54.05,58.20,68.10,105.4290,95.9286,2.1590,7.3414,15,0,0
10/11/2013,17:15,102.8800,103.5100,100.0300,101.4500,1341425,2.341528,2.863934,-0.522405,50.82,44.65,56.59,105.0110,96.1984,3.5610,5.2516,16,0,0
10/18/2013,17:15,100.8000,102.4000,99.4600,100.3400,1107489,1.918217,2.674790,-0.756573,48.91,27.99,43.61,104.5790,96.4744,4.2390,3.8656,17,0,0
10/25/2013,17:15,100.2700,100.4600,95.1800,97.0800,1446799,1.304646,2.400762,-1.096115,43.69,10.90,27.85,103.6750,96.6610,6.5950,0.4190,18,0,0
11/01/2013,17:15,97.1100,98.0500,93.5900,93.8400,1219075,0.550599,2.030729,-1.480130,39.22,6.74,15.21,102.5340,96.7744,8.6940,2.9344,19,0,0
11/08/2013,17:15,93.7500,94.6300,92.3000,93.8300,1230572,-0.047251,1.615133,-1.662384,39.20,7.06,8.23,101.2690,96.8604,7.4390,3.0304,20,0,0
11/15/2013,17:15,93.6800,94.6100,91.7400,93.7200,1281368,-0.523888,1.187329,-1.711217,39.04,6.77,6.85,99.7050,96.9316,5.9850,3.2116,21,0,0
11/22/2013,17:15,93.0100,94.2100,91.8000,93.4200,1106058,-0.915284,0.766806,-1.682090,38.59,9.04,7.62,98.3430,97.0564,4.9230,3.6364,22,0,0
11/29/2013,17:15,92.7300,93.2700,90.3500,91.3000,805121,-1.380619,0.337321,-1.717940,35.44,7.76,7.86,97.0550,97.1228,5.7550,5.8228,0,1,0
12/06/2013,17:15,91.2900,96.6500,91.1400,96.2300,1320264,-1.336188,0.002619,-1.338807,46.39,14.37,10.39,96.4480,97.2586,0.2180,1.0286,0,2,0
12/13/2013,17:15,96.2400,97.3300,94.8400,95.1800,1188032,-1.369910,-0.271887,-1.098024,44.65,19.82,13.98,95.6390,97.3306,0.4590,2.1506,0,3,0
12/20/2013,17:15,95.1300,97.7800,94.7900,97.6100,862949,-1.186874,-0.454884,-0.731990,49.37,32.47,22.22,95.2550,97.4054,2.3550,0.2046,0,4,0
12/27/2013,17:15,97.4900,99.0400,96.8200,98.6100,352014,-0.950171,-0.553941,-0.396230,51.22,40.40,30.89,95.0820,97.4908,3.5280,1.1192,0,5,0
01/03/2014,17:15,98.4400,98.7100,92.1500,92.2500,699033,-1.261243,-0.695402,-0.565841,40.99,38.81,37.22,94.5990,97.4084,2.3490,5.1584,0,6,0
01/10/2014,17:15,92.4700,92.8800,89.5300,91.0100,1123188,-1.589504,-0.874222,-0.715282,39.34,27.95,35.72,94.3160,97.3044,3.3060,6.2944,0,7,0
01/17/2014,17:15,91.1200,93.2200,89.7200,92.7400,1083638,-1.690569,-1.037491,-0.653077,42.80,16.35,27.70,94.2070,97.1972,1.4670,4.4572,0,8,0
01/24/2014,17:15,92.4000,95.9900,91.8000,94.7900,1010961,-1.586952,-1.147384,-0.439569,46.68,26.34,23.55,94.3140,97.1720,0.4760,2.3820,0,9,0
01/31/2014,17:15,95.0500,96.7400,93.3600,95.6400,1094963,-1.419880,-1.201883,-0.217997,48.25,43.77,28.82,94.5360,97.1610,1.1040,1.5210,0,10,0
02/07/2014,17:15,95.5500,98.3900,94.4100,98.0300,1239953,-1.082147,-1.177936,0.095789,52.48,66.34,45.48,95.2090,97.2634,2.8210,0.7666,0,11,0
02/14/2014,17:15,98.2000,99.5300,97.2600,98.4500,1255252,-0.771705,-1.096690,0.324985,53.20,81.08,63.73,95.4310,97.4232,3.0190,1.0268,0,12,0
02/21/2014,17:15,98.4700,101.7700,98.3800,100.6800,791445,-0.341795,-0.945711,0.603916,56.95,89.98,79.14,95.9810,97.6022,4.6990,3.0778,0,13,0
02/28/2014,17:15,100.7700,101.9300,99.5000,101.0700,936364,0.030036,-0.750561,0.780597,57.59,91.25,87.44,96.3270,97.7516,4.7430,3.3184,0,14,0
03/07/2014,17:15,101.4800,103.7000,98.6100,101.0600,1291655,0.320216,-0.536406,0.856622,57.57,88.17,89.80,96.5720,97.9104,4.4880,3.1496,0,15,0
03/14/2014,17:15,101.2300,101.3000,96.0300,97.3700,1430792,0.249557,-0.379213,0.628770,49.49,75.87,85.10,97.0840,97.9250,0.2860,0.5550,0,16,0
03/21/2014,17:15,97.8700,99.5500,95.8500,98.7600,1132245,0.302236,-0.242923,0.545160,52.21,67.28,77.11,97.8590,98.0580,0.9010,0.7020,0,17,0
03/28/2014,17:15,98.7900,101.5400,98.1000,100.9700,948616,0.516361,-0.091066,0.607428,56.24,67.07,70.07,98.6820,98.2634,2.2880,2.7066,1,0,0
04/04/2014,17:15,100.9900,101.2700,98.1600,100.4400,1025692,0.635960,0.054339,0.581621,55.04,74.29,69.54,99.2470,98.5244,1.1930,1.9156,2,0,0
04/11/2014,17:15,100.2100,103.7400,99.2200,103.0400,1363177,0.929822,0.229435,0.700387,59.60,84.28,75.21,99.9870,98.7428,3.0530,4.2972,3,0,0
04/18/2014,17:15,102.8600,104.2900,102.2100,103.6000,923795,1.194132,0.422375,0.771757,60.52,89.17,82.58,100.5440,98.9202,3.0560,4.6798,4,0,0
04/25/2014,17:15,103.9300,104.0600,100.7100,100.8300,1184711,1.166636,0.571227,0.595409,53.93,88.25,87.23,100.7820,99.0336,0.0480,1.7964,5,0,0
05/02/2014,17:15,100.7200,102.4300,98.9700,99.9900,1182346,1.064789,0.669939,0.394850,52.08,77.76,85.06,100.7130,99.1310,0.7230,0.8590,6,0,0
05/09/2014,17:15,100.1900,101.4100,99.1400,100.2200,1256427,0.991208,0.734193,0.257015,52.56,64.47,76.83,100.6280,99.2758,0.4080,0.9442,7,0,0
05/16/2014,17:15,100.3500,102.8800,100.1600,102.1800,1120157,1.078617,0.803078,0.275539,56.56,64.17,68.80,100.7400,99.5034,1.4400,2.6766,8,0,0
05/23/2014,17:15,102.2800,105.1000,102.1200,104.9500,1060117,1.355776,0.913618,0.442159,61.50,77.04,68.56,101.4980,99.7052,3.4520,5.2448,9,0,0
05/30/2014,17:15,104.8700,105.1000,103.0000,103.3100,788761,1.426647,1.016224,0.410424,57.34,84.97,75.39,101.9530,99.8378,1.3570,3.4722,10,0,0
06/06/2014,17:15,103.5200,104.2900,102.2000,103.2600,925950,1.461926,1.105364,0.356562,57.21,86.38,82.80,102.1820,100.0580,1.0780,3.2020,11,0,0
06/13/2014,17:15,103.3800,108.2800,103.2200,107.5100,1266939,1.811937,1.246679,0.565259,64.42,85.77,85.71,102.8890,100.3058,4.6210,7.2042,12,0,0
06/20/2014,17:15,107.4800,108.1400,106.2000,107.9200,1218070,2.098221,1.416987,0.681234,65.03,91.29,87.82,103.3770,100.4286,4.5430,7.4914,13,0,0
06/27/2014,17:15,108.5100,108.5900,106.1200,106.8300,924441,2.211654,1.575920,0.635733,61.98,91.82,89.63,103.7000,100.4750,3.1300,6.3550,14,0,0
07/04/2014,17:15,106.7800,107.1800,104.7600,105.1500,847024,2.141305,1.688997,0.452307,57.50,83.33,88.82,104.1320,100.4468,1.0180,4.7032,15,0,0
07/11/2014,17:15,105.1500,105.2900,101.5300,101.9200,1200241,1.804122,1.712022,0.092099,50.01,61.13,78.76,104.3250,100.4174,2.4050,1.5026,16,0,0
07/18/2014,17:15,101.5500,105.0300,100.1000,104.2200,1339474,1.702863,1.710190,-0.007327,54.55,51.20,65.22,104.7250,100.3892,0.5050,3.8308,17,0,0
07/25/2014,17:15,104.1300,105.7200,103.2700,104.3600,1305000,1.615291,1.691210,-0.075919,54.82,47.09,53.14,104.9430,100.3832,0.5830,3.9768,18,0,0
08/01/2014,17:15,104.1400,104.3700,99.3600,100.1500,1330626,1.192433,1.591455,-0.399022,46.01,40.96,46.41,104.4630,100.2638,4.3130,0.1138,19,0,0
08/08/2014,17:15,99.9400,100.9400,98.8200,99.9200,1262634,0.829197,1.439003,-0.609806,45.58,26.44,38.16,104.1240,100.1572,4.2040,0.2372,20,0,0
08/15/2014,17:15,99.8100,100.8500,97.5300,99.6200,1358157,0.511229,1.253449,-0.742219,44.98,14.35,27.25,103.7600,100.0200,4.1400,0.4000,21,0,0
08/22/2014,17:15,99.4400,99.4400,96.8000,97.9500,1080305,0.123064,1.027372,-0.904308,41.73,13.30,18.03,102.8040,99.7918,4.8540,1.8418,22,0,0
08/29/2014,17:15,97.8300,100.3000,97.3500,100.2600,985872,0.001817,0.822261,-0.820444,47.40,19.34,15.67,102.0380,99.6562,1.7780,0.6038,23,0,0
09/05/2014,17:15,100.1100,100.2100,96.9800,97.5900,1130277,-0.306190,0.596571,-0.902760,42.28,15.27,15.97,101.1140,99.5244,3.5240,1.9344,24,0,0
09/12/2014,17:15,97.7900,98.2400,94.7300,96.5700,1550115,-0.625383,0.352180,-0.977563,40.48,16.27,16.96,100.2560,99.4098,3.6860,2.8398,25,0,0
09/19/2014,17:15,96.4300,99.4900,94.9300,97.1700,1279637,-0.820474,0.117649,-0.938123,42.05,12.83,14.79,99.7810,99.2878,2.6110,2.1178,26,0,0
09/26/2014,17:15,97.2100,99.3800,95.9300,99.0600,1267378,-0.813203,-0.068521,-0.744682,46.78,20.71,16.60,99.2650,99.2400,0.2050,0.1800,27,0,0
10/03/2014,17:15,98.8700,100.4200,93.7000,95.2600,1872092,-1.101373,-0.275092,-0.826281,39.75,20.22,17.92,98.3550,99.1384,3.0950,3.8784,0,1,0
10/10/2014,17:15,95.2900,96.2600,89.1100,91.3400,1692027,-1.627303,-0.545534,-1.081769,34.06,18.48,19.80,97.4740,99.0236,6.1340,7.6836,0,2,0
10/17/2014,17:15,90.7200,91.3900,85.3000,88.3300,1898112,-2.260925,-0.888612,-1.372313,30.46,13.50,17.40,96.3150,98.9134,7.9850,10.5834,0,3,0
10/24/2014,17:15,88.6600,89.5300,86.3200,87.2800,1578131,-2.815348,-1.273959,-1.541389,29.29,12.60,14.86,95.0810,98.7824,7.8010,11.5024,0,4,0
10/31/2014,17:15,87.5400,89.1500,85.7100,86.8100,1359410,-3.255134,-1.670194,-1.584940,28.76,10.88,12.33,93.9670,98.6442,7.1570,11.8342,0,5,0
11/07/2014,17:15,86.8600,87.2500,82.1100,84.9200,1865467,-3.713369,-2.078829,-1.634540,26.67,10.80,11.43,92.4330,98.4742,7.5130,13.5542,0,6,0
11/14/2014,17:15,84.7700,86.1200,79.5200,82.0900,1796009,-4.255823,-2.514228,-1.741595,23.88,11.63,11.11,90.8830,98.2900,8.7930,16.2000,0,7,0
11/21/2014,17:15,82.2000,84.0800,80.1700,82.7600,1332309,-4.578876,-2.927158,-1.651718,25.86,14.12,12.18,89.5020,98.0206,6.7420,15.2606,0,8,0
11/28/2014,17:15,82.8700,83.2700,71.9400,72.4000,1300462,-5.606238,-3.462974,-2.143264,18.04,8.87,11.54,87.0250,97.5650,14.6250,25.1650,0,9,0
12/05/2014,17:15,72.2500,75.7900,69.9700,72.0900,1671445,-6.371991,-4.044777,-2.327214,17.86,7.29,10.09,84.3280,97.0546,12.2380,24.9646,0,10,0
12/12/2014,17:15,71.7100,71.8000,63.5900,64.0600,1915770,-7.539895,-4.743801,-2.796094,14.07,3.19,6.45,81.2080,96.3636,17.1480,32.3036,0,11,0
12/19/2014,17:15,63.3200,65.1900,59.8500,63.0500,2121518,-8.449565,-5.484954,-2.964611,13.68,5.37,5.28,78.3790,95.7796,15.3290,32.7296,0,12,0
12/26/2014,17:15,63.6700,64.4500,60.4300,60.6500,853493,-9.257430,-6.239449,-3.017982,12.77,3.79,4.11,75.6110,95.1724,14.9610,34.5224,0,13,0
01/02/2015,17:15,60.9700,61.6600,57.9500,58.6100,962159,-9.947611,-6.981081,-2.966530,12.03,3.77,4.31,72.7440,94.4898,14.1340,35.8798,0,14,0
01/09/2015,17:15,58.5300,58.6500,52.7500,54.2800,2070595,-10.720401,-7.728945,-2.991455,10.63,2.36,3.31,69.4910,93.6796,15.2110,39.3996,0,15,0
01/16/2015,17:15,54.1100,57.1900,50.1200,54.5700,2264958,-11.180559,-8.419268,-2.761291,11.38,5.22,3.78,66.4560,92.8582,11.8860,38.2882,0,16,0
01/23/2015,17:15,54.6400,54.6400,50.6500,51.0300,1580262,-11.696061,-9.074627,-2.621435,10.26,5.55,4.38,63.3500,91.9182,12.3200,40.8882,0,17,0
01/30/2015,17:15,50.6400,53.7900,49.0200,53.6800,1744093,-11.755260,-9.610753,-2.144507,16.86,8.29,6.35,60.4420,91.0228,6.7620,37.3428,0,18,0
02/06/2015,17:15,53.0300,59.6800,52.1100,57.1300,2915670,-11.392465,-9.967096,-1.425369,24.64,11.62,8.49,58.9150,90.1518,1.7850,33.0218,0,19,0
02/13/2015,17:15,57.4500,59.4300,53.4900,58.2200,2558071,-10.891443,-10.151965,-0.739478,26.96,19.03,12.98,57.5280,89.2948,0.6920,31.0748,0,20,0
02/20/2015,17:15,58.1900,59.5900,54.5800,55.5700,1696732,-10.586181,-10.238808,-0.347373,24.95,21.61,17.42,56.6790,88.3850,1.1090,32.8150,0,21,0
02/27/2015,17:15,55.5100,56.0400,52.5600,54.5200,2057086,-10.310137,-10.253074,-0.057063,24.18,19.97,20.20,55.8260,87.5280,1.3060,33.0080,0,22,0
03/06/2015,17:15,54.2100,57.1600,53.4700,54.3700,2039556,-9.988334,-10.200126,0.211792,24.06,18.11,19.90,55.1980,86.6402,0.8280,32.2702,0,23,0
03/13/2015,17:15,54.3600,55.5500,49.5100,49.6000,1964331,-10.002895,-10.160680,0.157785,20.71,13.64,17.24,54.2970,85.6128,4.6970,36.0128,0,24,0
03/20/2015,17:15,49.5700,50.2000,46.7900,49.3400,1689717,-9.921051,-10.112754,0.191703,20.54,12.48,14.74,53.8030,84.5908,4.4630,35.2508,0,25,0
03/27/2015,17:15,49.1800,55.2500,48.1000,51.6400,1900134,-9.560391,-10.002281,0.441890,26.24,13.56,13.23,53.5100,83.5628,1.8700,31.9228,0,26,0
04/03/2015,17:15,51.3400,53.2200,49.8200,51.9100,1626112,-9.147335,-9.831292,0.683957,26.91,24.58,16.87,53.5980,82.5290,1.6880,30.6190,0,27,0
04/10/2015,17:15,52.2400,56.9000,52.2400,54.4100,2271445,-8.520042,-9.569042,1.049000,32.92,38.73,25.62,53.6710,81.6006,0.7390,27.1906,0,28,0
04/17/2015,17:15,54.5800,60.1900,54.2400,58.6900,1987677,-7.590054,-9.173244,1.583191,41.76,59.86,41.06,53.8270,80.7746,4.8630,22.0846,0,29,0
04/24/2015,17:15,59.1200,60.0000,57.1000,58.5200,1812247,-6.788496,-8.696295,1.907799,41.53,78.74,59.11,53.8570,79.9406,4.6630,21.4206,0,30,0
05/01/2015,17:15,58.6700,61.2700,57.4400,60.5200,1528594,-5.923588,-8.141753,2.218165,45.40,90.50,76.37,54.3520,79.1074,6.1680,18.5874,0,31,0
05/08/2015,17:15,60.6700,63.9500,59.5100,60.7600,1899969,-5.159304,-7.545264,2.385960,45.87,87.54,85.59,54.9760,78.2236,5.7840,17.4636,0,32,0
05/15/2015,17:15,60.8000,63.2200,59.7300,60.9500,1709040,-4.486553,-6.933521,2.446968,46.26,85.78,87.94,55.6340,77.3764,5.3160,16.4264,0,33,0
05/22/2015,17:15,61.0300,62.1200,58.3400,60.1300,1489098,-3.973754,-6.341568,2.367814,44.76,80.56,84.63,56.6870,76.5138,3.4430,16.3838,0,34,0
05/29/2015,17:15,60.4600,61.1100,56.9200,60.7100,1419602,-3.480435,-5.769341,2.288906,46.09,80.46,82.26,57.8240,75.5778,2.8860,14.8678,0,35,0
06/05/2015,17:15,60.7000,61.9900,57.2400,59.5400,1832356,-3.147602,-5.244993,2.097391,43.80,77.72,79.58,58.6140,74.6102,0.9260,15.0702,0,36,0
06/12/2015,17:15,59.3700,62.2300,58.2700,60.3700,1804415,-2.784754,-4.752946,1.968191,45.85,78.19,78.79,59.4600,73.6810,0.9100,13.3110,0,37,0
