"Date","Time","Open","High","Low","Close","Volume","MACD","MACDAvg","MACDDiff","RSI","SlowK","SlowD","FastAvg","SlowAvg","DistF","DistS","FGS","FLS","OpenBar"
05/10/2002,16:00,0.9306,0.9329,0.9181,0.9277,96599,-0.000223,-0.000045,-0.000179,74.33,96.40,97.97,0.9013,0.8950,0.0264,0.0327,2,0,0
05/17/2002,16:00,0.9271,0.9362,0.9142,0.9358,132815,0.000250,0.000014,0.000236,76.41,96.59,97.25,0.9066,0.8966,0.0292,0.0392,3,0,0
05/24/2002,16:00,0.9355,0.9423,0.9306,0.9357,110359,0.000611,0.000134,0.000477,76.33,93.67,95.55,0.9108,0.8981,0.0249,0.0376,4,0,0
05/31/2002,16:00,0.9355,0.9562,0.9330,0.9472,131919,0.001803,0.000468,0.001336,79.10,92.53,94.26,0.9165,0.8997,0.0307,0.0475,5,0,0
06/07/2002,16:00,0.9478,0.9642,0.9454,0.9593,153301,0.003683,0.001111,0.002572,81.56,91.48,92.56,0.9241,0.9016,0.0352,0.0577,6,0,0
06/14/2002,16:00,0.9583,0.9681,0.9543,0.9608,161866,0.005232,0.001935,0.003298,81.84,91.75,91.92,0.9310,0.9037,0.0298,0.0571,7,0,0
06/21/2002,16:00,0.9600,0.9874,0.9566,0.9857,136693,0.008374,0.003223,0.005151,85.77,95.01,92.75,0.9403,0.9064,0.0454,0.0793,8,0,0
06/28/2002,16:00,0.9861,1.0148,0.9818,1.0077,231140,0.012494,0.005077,0.007417,88.20,95.00,93.92,0.9506,0.9093,0.0571,0.0984,9,0,0
07/05/2002,16:00,1.0076,1.0132,0.9878,0.9895,110844,0.014128,0.006887,0.007241,76.56,90.71,93.57,0.9580,0.9116,0.0315,0.0779,10,0,0
07/12/2002,16:00,0.9907,1.0131,0.9904,1.0070,145727,0.016643,0.008838,0.007805,79.38,89.71,91.81,0.9656,0.9141,0.0414,0.0929,11,0,0
07/19/2002,16:00,1.0080,1.0377,1.0080,1.0302,154236,0.020275,0.011126,0.009149,82.40,89.96,90.13,0.9759,0.9169,0.0543,0.1133,12,0,0
07/26/2002,16:00,1.0263,1.0301,1.0013,1.0042,181932,0.020815,0.013064,0.007752,70.02,88.15,89.28,0.9827,0.9189,0.0215,0.0853,13,0,0
08/02/2002,16:00,1.0045,1.0091,0.9899,1.0040,132478,0.020985,0.014648,0.006337,69.93,81.71,86.61,0.9896,0.9205,0.0144,0.0835,14,0,0
08/09/2002,16:00,1.0041,1.0049,0.9798,0.9882,132656,0.019619,0.015642,0.003977,63.24,69.79,79.88,0.9937,0.9219,0.0055,0.0663,15,0,0
08/16/2002,16:00,0.9882,1.0073,0.9876,1.0017,99086,0.019402,0.016394,0.003008,66.22,67.94,73.15,0.9979,0.9236,0.0038,0.0781,16,0,0
08/23/2002,16:00,1.0024,1.0052,0.9839,0.9903,123362,0.018101,0.016736,0.001366,61.68,62.47,66.73,1.0008,0.9252,0.0105,0.0651,17,0,0
08/30/2002,16:00,0.9915,1.0075,0.9868,0.9994,102198,0.017602,0.016909,0.000693,63.81,63.70,64.70,1.0022,0.9266,0.0028,0.0728,18,0,0
09/06/2002,16:00,1.0009,1.0182,0.9958,0.9962,77893,0.016755,0.016878,-0.000123,62.50,58.17,61.45,1.0011,0.9281,0.0049,0.0681,19,0,0
09/13/2002,16:00,0.9998,1.0032,0.9891,0.9917,168530,0.015541,0.016611,-0.001069,60.60,55.14,59.00,1.0013,0.9296,0.0096,0.0621,20,0,0
09/20/2002,16:00,0.9910,1.0070,0.9800,0.9999,126413,0.015067,0.016302,-0.001235,62.81,51.21,54.84,1.0006,0.9311,0.0007,0.0688,21,0,0
09/27/2002,16:00,1.0000,1.0053,0.9914,0.9991,101705,0.014461,0.015934,-0.001473,62.45,44.96,50.44,0.9975,0.9327,0.0016,0.0664,22,0,0
10/04/2002,16:00,1.0005,1.0108,0.9982,0.9998,138893,0.013876,0.015522,-0.001646,62.65,41.95,46.04,0.9970,0.9346,0.0028,0.0652,23,0,0
10/11/2002,16:00,0.9998,1.0130,0.9965,1.0064,131393,0.013787,0.015175,-0.001388,64.62,37.94,41.62,0.9973,0.9367,0.0091,0.0697,24,0,0
10/18/2002,16:00,1.0075,1.0099,0.9901,0.9923,98240,0.012435,0.014627,-0.002192,57.62,34.02,37.97,0.9977,0.9384,0.0054,0.0539,25,0,0
10/25/2002,16:00,0.9927,1.0009,0.9895,0.9976,91633,0.011657,0.014033,-0.002376,59.40,34.26,35.41,0.9973,0.9403,0.0003,0.0573,26,0,0
11/01/2002,16:00,0.9974,1.0214,0.9937,1.0175,134152,0.012502,0.013727,-0.001225,65.30,45.39,37.89,1.0000,0.9428,0.0175,0.0747,27,0,0
11/08/2002,16:00,1.0181,1.0358,1.0142,1.0341,117571,0.014346,0.013851,0.000495,69.30,74.24,51.30,1.0035,0.9457,0.0306,0.0884,28,0,0
11/15/2002,16:00,1.0337,1.0382,1.0226,1.0302,92711,0.015316,0.014144,0.001172,67.34,91.27,70.30,1.0069,0.9482,0.0233,0.0820,29,0,0
11/22/2002,16:00,1.0309,1.0357,1.0179,1.0188,108021,0.014991,0.014313,0.000678,61.82,83.12,82.88,1.0096,0.9506,0.0092,0.0682,30,0,0
11/29/2002,16:00,1.0184,1.0189,1.0095,1.0164,81182,0.014375,0.014326,0.000050,60.69,71.82,82.07,1.0112,0.9527,0.0052,0.0637,31,0,0
12/06/2002,16:00,1.0164,1.0317,1.0083,1.0280,100903,0.014654,0.014391,0.000263,64.10,70.56,75.17,1.0141,0.9553,0.0139,0.0727,32,0,0
12/13/2002,16:00,1.0332,1.0487,1.0288,1.0451,163952,0.016070,0.014727,0.001343,68.44,80.77,74.38,1.0186,0.9583,0.0265,0.0868,33,0,0
12/20/2002,16:00,1.0459,1.0563,1.0423,1.0498,103844,0.017370,0.015256,0.002115,69.54,90.01,80.45,1.0230,0.9612,0.0268,0.0886,34,0,0
12/27/2002,16:00,1.0498,1.0675,1.0447,1.0673,57639,0.019588,0.016122,0.003466,73.25,95.38,88.72,1.0305,0.9645,0.0368,0.1028,35,0,0
01/03/2003,16:00,1.0658,1.0739,1.0572,1.0650,83152,0.020918,0.017081,0.003837,72.01,93.46,92.95,1.0372,0.9679,0.0278,0.0971,36,0,0
01/10/2003,16:00,1.0659,1.0824,1.0599,1.0823,125660,0.023102,0.018285,0.004817,75.38,96.40,95.08,1.0437,0.9721,0.0386,0.1102,37,0,0
01/17/2003,16:00,1.0819,1.0921,1.0744,1.0896,131220,0.025132,0.019655,0.005478,76.66,95.89,95.25,1.0492,0.9764,0.0404,0.1132,38,0,0
01/24/2003,16:00,1.0900,1.1095,1.0874,1.1082,108145,0.027920,0.021308,0.006612,79.58,98.76,97.02,1.0570,0.9809,0.0512,0.1273,39,0,0
01/31/2003,16:00,1.1079,1.1152,1.0971,1.1003,181073,0.029156,0.022878,0.006279,75.28,94.57,96.41,1.0652,0.9852,0.0351,0.1151,40,0,0
02/07/2003,16:00,1.1034,1.1186,1.0941,1.1082,224141,0.030423,0.024387,0.006036,76.64,92.44,95.26,1.0744,0.9896,0.0338,0.1186,41,0,0
02/14/2003,16:00,1.1078,1.1112,1.0917,1.1029,189493,0.030645,0.025638,0.005007,73.71,88.02,91.67,1.0819,0.9941,0.0210,0.1088,42,0,0
02/21/2003,16:00,1.1028,1.1104,1.0923,1.1023,137253,0.030422,0.026595,0.003827,73.37,87.19,89.21,1.0876,0.9985,0.0147,0.1038,43,0,0
02/28/2003,16:00,1.0983,1.1097,1.0968,1.1062,185357,0.030212,0.027319,0.002894,74.21,86.58,87.26,1.0932,1.0028,0.0130,0.1034,44,0,0
03/07/2003,16:00,1.1039,1.1300,1.1030,1.1241,160233,0.031131,0.028081,0.003050,77.67,89.89,87.89,1.0989,1.0075,0.0252,0.1166,45,0,0
03/14/2003,16:00,1.1273,1.1346,1.0954,1.1010,212040,0.029654,0.028396,0.001258,65.44,84.64,87.04,1.1025,1.0118,0.0015,0.0892,46,0,0
03/21/2003,16:00,1.1055,1.1112,1.0773,1.0803,172090,0.026507,0.028018,-0.001511,56.81,70.67,81.73,1.1023,1.0156,0.0220,0.0647,47,0,0
03/28/2003,16:00,1.0858,1.1075,1.0839,1.1054,142356,0.025742,0.027563,-0.001821,63.16,59.34,71.55,1.1039,1.0198,0.0015,0.0856,48,0,0
04/04/2003,16:00,1.1060,1.1234,1.0959,1.1005,193607,0.024458,0.026942,-0.002484,61.26,54.70,61.57,1.1031,1.0237,0.0026,0.0768,49,0,0
04/11/2003,16:00,1.0948,1.1109,1.0837,1.1030,197958,0.023373,0.026228,-0.002855,61.89,60.79,58.27,1.1034,1.0275,0.0004,0.0755,50,0,0
04/18/2003,16:00,1.1015,1.1241,1.0996,1.1162,131278,0.023310,0.025644,-0.002335,65.11,60.39,58.62,1.1042,1.0312,0.0120,0.0850,51,0,0
04/25/2003,16:00,1.1185,1.1335,1.1104,1.1308,166931,0.024159,0.025347,-0.001188,68.29,72.01,64.39,1.1070,1.0353,0.0238,0.0955,52,0,0
05/02/2003,16:00,1.1317,1.1559,1.1218,1.1514,207623,0.026192,0.025516,0.000676,72.15,86.38,72.93,1.1119,1.0396,0.0395,0.1118,53,0,0
05/09/2003,16:00,1.1507,1.1825,1.1493,1.1778,221743,0.029593,0.026332,0.003261,76.16,94.61,84.33,1.1190,1.0444,0.0588,0.1334,54,0,0
05/16/2003,16:00,1.1842,1.1913,1.1655,1.1868,192939,0.032638,0.027593,0.005045,77.36,95.40,92.13,1.1253,1.0492,0.0615,0.1376,55,0,0
05/23/2003,16:00,1.1943,1.2130,1.1896,1.2096,183677,0.036470,0.029368,0.007102,80.09,96.45,95.49,1.1362,1.0542,0.0734,0.1554,56,0,0
05/30/2003,16:00,1.2117,1.2231,1.1988,1.2086,215514,0.038978,0.031290,0.007687,79.63,94.34,95.40,1.1490,1.0592,0.0596,0.1494,57,0,0
06/06/2003,16:00,1.2026,1.2191,1.1932,1.1972,148493,0.039589,0.032950,0.006639,74.46,89.75,93.51,1.1582,1.0634,0.0390,0.1338,58,0,0
06/13/2003,16:00,1.2002,1.2176,1.1959,1.2167,231638,0.041171,0.034594,0.006577,77.19,89.30,91.13,1.1698,1.0676,0.0469,0.1491,59,0,0
06/20/2003,16:00,1.2175,1.2228,1.1852,1.1882,225922,0.039669,0.035609,0.004060,66.08,84.64,87.90,1.1783,1.0716,0.0099,0.1166,60,0,0
06/27/2003,16:00,1.1877,1.1925,1.1694,1.1724,180736,0.036779,0.035843,0.000936,60.85,78.65,84.20,1.1839,1.0749,0.0115,0.0975,61,0,0
07/04/2003,16:00,1.1738,1.1917,1.1708,1.1793,140236,0.034647,0.035604,-0.000957,62.25,69.52,77.61,1.1888,1.0778,0.0095,0.1015,62,0,0
07/11/2003,16:00,1.1789,1.1789,1.1568,1.1604,109906,0.031073,0.034698,-0.003624,56.29,62.41,70.20,1.1897,1.0810,0.0293,0.0794,63,0,0
07/18/2003,16:00,1.1603,1.1649,1.1425,1.1588,135697,0.027792,0.033317,-0.005525,55.81,57.54,63.16,1.1878,1.0841,0.0290,0.0747,64,0,0
07/25/2003,16:00,1.1571,1.1866,1.1558,1.1831,139115,0.026843,0.032022,-0.005179,61.29,55.54,58.50,1.1874,1.0880,0.0043,0.0951,65,0,0
08/01/2003,16:00,1.1818,1.1857,1.1453,1.1592,208172,0.023887,0.030395,-0.006508,54.17,50.16,54.41,1.1824,1.0911,0.0232,0.0681,66,0,0
08/08/2003,16:00,1.1600,1.1745,1.1579,1.1631,174428,0.021609,0.028638,-0.007028,55.09,44.37,50.02,1.1778,1.0946,0.0147,0.0685,67,0,0
08/15/2003,16:00,1.1624,1.1701,1.1542,1.1574,179931,0.019124,0.026735,-0.007611,53.41,27.77,40.77,1.1739,1.0977,0.0165,0.0597,68,0,0
08/22/2003,16:00,1.1589,1.1592,1.1162,1.1200,228085,0.013976,0.024183,-0.010207,43.94,14.66,28.93,1.1642,1.1002,0.0442,0.0198,69,0,0
08/29/2003,16:00,1.1184,1.1326,1.1118,1.1315,187259,0.010700,0.021487,-0.010786,47.05,12.85,18.43,1.1585,1.1030,0.0270,0.0285,70,0,0
09/05/2003,16:00,1.1322,1.1442,1.1091,1.1403,148649,0.008714,0.018932,-0.010218,49.36,16.48,14.66,1.1553,1.1058,0.0150,0.0345,71,0,0
09/12/2003,16:00,1.1422,1.1657,1.1378,1.1618,239167,0.008774,0.016901,-0.008127,54.58,30.59,19.97,1.1536,1.1091,0.0082,0.0527,72,0,0
09/19/2003,16:00,1.1589,1.1717,1.1473,1.1706,197406,0.009423,0.015405,-0.005982,56.56,42.63,29.90,1.1546,1.1125,0.0160,0.0581,73,0,0
09/26/2003,16:00,1.1713,1.1872,1.1713,1.1801,185095,0.010581,0.014440,-0.003859,58.65,59.59,44.27,1.1567,1.1160,0.0234,0.0641,74,0,0
10/03/2003,16:00,1.1791,1.2107,1.1733,1.1918,258423,0.012302,0.014013,-0.001711,61.13,72.05,58.09,1.1576,1.1199,0.0342,0.0719,75,0,0
10/10/2003,16:00,1.1910,1.2201,1.1871,1.2148,235728,0.015344,0.014279,0.001066,65.51,87.64,73.09,1.1631,1.1243,0.0517,0.0905,76,0,0
10/17/2003,16:00,1.2145,1.2155,1.1889,1.2020,254505,0.016532,0.014730,0.001803,61.37,86.93,82.20,1.1670,1.1280,0.0350,0.0740,77,0,0
10/24/2003,16:00,1.2037,1.2203,1.1944,1.2125,214059,0.018112,0.015406,0.002706,63.41,90.64,88.40,1.1725,1.1315,0.0400,0.0810,78,0,0
10/31/2003,16:00,1.2118,1.2128,1.1912,1.1936,226163,0.017636,0.015852,0.001784,57.51,84.22,87.26,1.1799,1.1348,0.0137,0.0588,79,0,0
11/07/2003,16:00,1.1925,1.1968,1.1726,1.1877,258990,0.016591,0.016000,0.000591,55.77,79.89,84.92,1.1855,1.1382,0.0022,0.0495,80,0,0
11/14/2003,16:00,1.1855,1.2156,1.1796,1.2133,221641,0.017625,0.016325,0.001301,61.26,80.13,81.41,1.1928,1.1421,0.0205,0.0712,81,0,0
11/21/2003,16:00,1.2174,1.2331,1.2079,1.2265,284800,0.019288,0.016918,0.002371,63.76,86.66,82.22,1.1993,1.1461,0.0272,0.0804,82,0,0
11/28/2003,16:00,1.2262,1.2371,1.2108,1.2347,243620,0.021025,0.017739,0.003286,65.26,95.59,87.46,1.2057,1.1499,0.0290,0.0848,83,0,0
12/05/2003,16:00,1.2352,1.2535,1.2293,1.2527,298886,0.023582,0.018908,0.004675,68.35,97.53,93.26,1.2130,1.1539,0.0397,0.0988,84,0,0
12/12/2003,16:00,1.2558,1.2667,1.2472,1.2636,275830,0.026187,0.020363,0.005823,70.09,98.43,97.18,1.2201,1.1579,0.0435,0.1057,85,0,0
12/19/2003,16:00,1.2516,1.2801,1.2506,1.2732,258716,0.028694,0.022030,0.006665,71.57,97.34,97.77,1.2260,1.1620,0.0472,0.1112,86,0,0
12/26/2003,16:00,1.2726,1.2835,1.2711,1.2794,78824,0.030827,0.023789,0.007038,72.51,96.23,97.33,1.2337,1.1660,0.0457,0.1134,87,0,0
01/02/2004,16:00,1.2795,1.3014,1.2791,1.2956,125129,0.033438,0.025719,0.007719,74.87,95.51,96.36,1.2420,1.1701,0.0536,0.1255,88,0,0
01/09/2004,16:00,1.2998,1.3238,1.2928,1.3188,338669,0.036954,0.027966,0.008988,77.80,96.20,95.98,1.2545,1.1743,0.0643,0.1445,89,0,0
01/16/2004,16:00,1.3218,1.3266,1.2723,1.2751,378679,0.035801,0.029533,0.006268,62.91,85.65,92.45,1.2633,1.1778,0.0118,0.0973,90,0,0
01/23/2004,16:00,1.2761,1.3149,1.2706,1.2960,324344,0.036158,0.030858,0.005300,66.24,81.03,87.63,1.2716,1.1816,0.0244,0.1144,91,0,0
01/30/2004,16:00,1.2955,1.3030,1.2726,1.2849,425745,0.035139,0.031714,0.003425,63.01,73.20,79.96,1.2774,1.1852,0.0075,0.0997,92,0,0
02/06/2004,16:00,1.2862,1.3105,1.2766,1.3084,312117,0.035815,0.032534,0.003281,66.71,80.41,78.22,1.2848,1.1893,0.0236,0.1191,93,0,0
02/13/2004,16:00,1.3006,1.3277,1.3003,1.3111,371052,0.036153,0.033258,0.002894,67.12,83.23,78.95,1.2906,1.1934,0.0205,0.1177,94,0,0
02/20/2004,16:00,1.3110,1.3310,1.2878,1.2915,353900,0.034441,0.033495,0.000946,61.26,82.53,82.05,1.2934,1.1968,0.0019,0.0947,95,0,0
02/27/2004,16:00,1.2898,1.3098,1.2756,1.2873,418371,0.032373,0.033270,-0.000898,60.05,74.50,80.09,1.2948,1.2005,0.0075,0.0868,96,0,0
03/05/2004,16:00,1.2881,1.2927,1.2443,1.2757,385621,0.029458,0.032508,-0.003050,56.72,59.86,72.29,1.2944,1.2044,0.0187,0.0713,97,0,0
03/12/2004,16:00,1.2771,1.2860,1.2554,1.2601,333400,0.025594,0.031125,-0.005531,52.50,44.94,59.77,1.2909,1.2075,0.0308,0.0526,98,0,0
03/19/2004,16:00,1.2607,1.2822,1.2567,1.2673,337240,0.022850,0.029470,-0.006620,54.19,30.97,45.26,1.2857,1.2108,0.0184,0.0565,99,0,0
03/26/2004,16:00,1.2671,1.2796,1.2467,1.2526,320164,0.019266,0.027429,-0.008163,50.25,18.11,31.34,1.2835,1.2138,0.0309,0.0388,100,0,0
04/02/2004,16:00,1.2526,1.2787,1.2446,1.2531,301414,0.016279,0.025199,-0.008920,50.38,15.42,21.50,1.2792,1.2166,0.0261,0.0365,101,0,0
04/09/2004,16:00,1.2509,1.2619,1.2380,1.2488,262956,0.013410,0.022841,-0.009431,49.17,10.47,14.67,1.2756,1.2189,0.0268,0.0299,102,0,0
04/16/2004,16:00,1.2480,1.2501,1.2269,1.2396,271875,0.010276,0.020328,-0.010052,46.60,11.38,12.42,1.2687,1.2207,0.0291,0.0189,103,0,0
04/23/2004,16:00,1.2421,1.2484,1.2185,1.2251,306831,0.006546,0.017572,-0.011026,42.79,9.72,10.53,1.2601,1.2216,0.0350,0.0035,104,0,0
04/30/2004,16:00,1.2217,1.2419,1.2166,1.2387,332921,0.004635,0.014984,-0.010350,47.15,12.51,11.20,1.2548,1.2227,0.0161,0.0160,105,0,0
05/07/2004,16:00,1.2409,1.2599,1.2285,1.2299,346986,0.002382,0.012464,-0.010082,44.77,12.31,11.51,1.2491,1.2231,0.0192,0.0068,106,0,0
05/14/2004,16:00,1.2286,1.2352,1.2173,1.2296,345488,0.000566,0.010084,-0.009518,44.69,14.10,12.97,1.2445,1.2235,0.0149,0.0061,107,0,0
05/21/2004,16:00,1.2302,1.2485,1.2291,1.2393,329400,-0.000089,0.008050,-0.008139,48.03,14.28,13.56,1.2424,1.2243,0.0031,0.0150,108,0,0
05/28/2004,16:00,1.2409,1.2711,1.2346,1.2636,297412,0.001337,0.006707,-0.005370,55.32,25.68,18.02,1.2420,1.2253,0.0216,0.0383,109,0,0
06/04/2004,16:00,1.2651,1.2723,1.2551,1.2696,209619,0.002917,0.005949,-0.003032,56.93,43.25,27.74,1.2437,1.2269,0.0259,0.0427,110,0,0
06/11/2004,16:00,1.2712,1.2772,1.2388,1.2430,243857,0.002000,0.005159,-0.003159,48.59,52.95,40.63,1.2427,1.2283,0.0003,0.0147,111,0,0
06/18/2004,16:00,1.2415,1.2592,1.2378,1.2562,378771,0.002312,0.004590,-0.002278,52.32,56.37,50.86,1.2435,1.2299,0.0127,0.0263,112,0,0
06/25/2004,16:00,1.2564,1.2619,1.2467,1.2606,277554,0.002881,0.004248,-0.001367,53.53,55.56,54.96,1.2456,1.2319,0.0150,0.0287,113,0,0
07/02/2004,16:00,1.2597,1.2755,1.2493,1.2748,341857,0.004427,0.004284,0.000143,57.30,74.36,62.09,1.2505,1.2342,0.0243,0.0406,114,0,0
07/09/2004,16:00,1.2753,1.2851,1.2690,1.2843,240898,0.006346,0.004696,0.001649,59.66,87.76,72.56,1.2551,1.2362,0.0292,0.0481,115,0,0
07/16/2004,16:00,1.2841,1.2891,1.2729,1.2885,316714,0.008111,0.005379,0.002732,60.69,97.39,86.50,1.2609,1.2388,0.0276,0.0497,116,0,0
07/23/2004,16:00,1.2879,1.2891,1.2518,1.2519,369867,0.006483,0.005600,0.000883,48.93,81.92,89.02,1.2632,1.2406,0.0113,0.0113,117,0,0
07/30/2004,16:00,1.2536,1.2622,1.2423,1.2452,440179,0.004598,0.005400,-0.000801,47.13,62.44,80.58,1.2638,1.2423,0.0186,0.0029,118,0,0
08/06/2004,16:00,1.2484,1.2726,1.2401,1.2715,356265,0.005168,0.005353,-0.000186,54.25,54.47,66.28,1.2646,1.2454,0.0069,0.0261,119,0,0
08/13/2004,16:00,1.2719,1.2812,1.2613,1.2812,325287,0.006328,0.005548,0.000780,56.57,67.89,61.60,1.2657,1.2483,0.0155,0.0329,120,0,0
08/20/2004,16:00,1.2812,1.2827,1.2717,1.2762,306322,0.006767,0.005792,0.000975,55.02,81.14,67.83,1.2690,1.2511,0.0072,0.0251,121,0,0
08/27/2004,16:00,1.2745,1.2755,1.2444,1.2452,380505,0.004561,0.005546,-0.000985,46.51,65.27,71.43,1.2679,1.2527,0.0227,0.0075,122,0,0
09/03/2004,16:00,1.2455,1.2661,1.2427,1.2501,267344,0.003171,0.005071,-0.001900,47.88,42.22,62.88,1.2669,1.2543,0.0168,0.0042,123,0,0
09/10/2004,16:00,1.2510,1.2761,1.2468,1.2696,297504,0.003601,0.004777,-0.001176,53.04,34.82,47.44,1.2664,1.2561,0.0032,0.0135,124,0,0
09/17/2004,16:00,1.2707,1.2738,1.2563,1.2637,364644,0.003427,0.004507,-0.001080,51.39,45.48,40.84,1.2643,1.2576,0.0006,0.0061,125,0,0
09/24/2004,16:00,1.2620,1.2808,1.2568,1.2719,397487,0.003905,0.004387,-0.000481,53.56,59.04,46.45,1.2626,1.2587,0.0093,0.0132,126,0,0
10/01/2004,16:00,1.2725,1.2889,1.2693,1.2855,351772,0.005321,0.004573,0.000747,56.99,69.06,57.86,1.2660,1.2604,0.0195,0.0251,127,0,0
10/08/2004,16:00,1.2845,1.2880,1.2693,1.2855,376586,0.006369,0.004933,0.001436,56.99,83.40,70.50,1.2700,1.2618,0.0155,0.0237,128,0,0
10/15/2004,16:00,1.2869,1.2954,1.2669,1.2920,396562,0.007636,0.005473,0.002163,58.69,93.09,81.85,1.2721,1.2638,0.0199,0.0282,129,0,0
10/22/2004,16:00,1.2921,1.3135,1.2901,1.3132,402848,0.010233,0.006425,0.003808,63.71,95.89,90.79,1.2753,1.2663,0.0379,0.0469,130,0,0
10/29/2004,16:00,1.3161,1.3290,1.3080,1.3242,550396,0.013029,0.007746,0.005283,66.01,96.09,95.02,1.2801,1.2685,0.0441,0.0557,131,0,0
11/05/2004,16:00,1.3263,1.3423,1.3106,1.3416,539076,0.016458,0.009488,0.006970,69.33,97.81,96.60,1.2897,1.2708,0.0519,0.0708,132,0,0
11/12/2004,16:00,1.3414,1.3453,1.3297,1.3424,498465,0.019022,0.011395,0.007627,69.48,97.14,97.01,1.2990,1.2730,0.0434,0.0694,133,0,0
11/19/2004,16:00,1.3420,1.3524,1.3366,1.3475,506951,0.021220,0.013360,0.007860,70.46,97.30,97.41,1.3067,1.2749,0.0408,0.0726,134,0,0
11/26/2004,16:00,1.3488,1.3780,1.3425,1.3742,373762,0.024831,0.015654,0.009176,74.97,96.66,97.03,1.3178,1.2771,0.0564,0.0971,135,0,0
12/03/2004,16:00,1.3733,1.3913,1.3678,1.3907,469988,0.028693,0.018262,0.010431,77.28,97.64,97.20,1.3297,1.2794,0.0610,0.1113,136,0,0
12/10/2004,16:00,1.3893,1.3919,1.3588,1.3681,475051,0.029589,0.020527,0.009061,68.02,93.43,95.91,1.3379,1.2812,0.0302,0.0869,137,0,0
12/17/2004,16:00,1.3650,1.3896,1.3646,1.3751,594845,0.030512,0.022524,0.007988,69.25,90.40,93.82,1.3469,1.2828,0.0282,0.0923,138,0,0
12/24/2004,16:00,1.3781,1.3967,1.3747,1.3962,315779,0.032571,0.024533,0.008037,72.66,90.23,91.35,1.3573,1.2843,0.0389,0.1119,139,0,0
12/31/2004,16:00,1.3968,1.4127,1.3960,1.4006,344973,0.034163,0.026459,0.007704,73.33,93.02,91.22,1.3661,1.2869,0.0345,0.1137,140,0,0
01/07/2005,16:00,1.4010,1.4033,1.3474,1.3499,792074,0.030978,0.027363,0.003615,56.33,82.53,88.59,1.3686,1.2879,0.0187,0.0620,141,0,0
01/14/2005,16:00,1.3503,1.3742,1.3501,1.3555,658303,0.028575,0.027605,0.000970,57.50,69.80,81.78,1.3700,1.2893,0.0145,0.0662,142,0,0
01/21/2005,16:00,1.3554,1.3575,1.3371,1.3498,531315,0.025913,0.027267,-0.001354,55.86,55.84,69.39,1.3708,1.2902,0.0210,0.0596,143,0,0
01/28/2005,16:00,1.3490,1.3572,1.3392,1.3485,556243,0.023428,0.026499,-0.003071,55.47,50.60,58.75,1.3709,1.2909,0.0224,0.0576,144,0,0
02/04/2005,16:00,1.3463,1.3540,1.3310,1.3310,574289,0.019818,0.025163,-0.005345,50.38,36.61,47.69,1.3665,1.2917,0.0355,0.0393,145,0,0
02/11/2005,16:00,1.3302,1.3350,1.3177,1.3312,588822,0.016780,0.023486,-0.006707,50.44,24.65,37.29,1.3606,1.2926,0.0294,0.0386,146,0,0
02/18/2005,16:00,1.3325,1.3533,1.3321,1.3514,570546,0.015819,0.021953,-0.006133,55.85,23.14,28.14,1.3589,1.2941,0.0075,0.0573,147,0,0
02/25/2005,16:00,1.3499,1.3717,1.3475,1.3687,513801,0.016267,0.020816,-0.004549,59.90,34.46,27.42,1.3583,1.2963,0.0104,0.0724,148,0,0
03/04/2005,16:00,1.3682,1.3722,1.3527,1.3685,560009,0.016416,0.019936,-0.003520,59.83,47.54,35.05,1.3555,1.2983,0.0130,0.0702,149,0,0
03/11/2005,16:00,1.3649,1.3922,1.3619,1.3899,402598,0.018053,0.019559,-0.001506,64.49,61.05,47.68,1.3544,1.3010,0.0355,0.0889,150,0,0
03/18/2005,16:00,1.3902,1.3919,1.3704,1.3766,570814,0.018069,0.019261,-0.001192,59.84,63.82,57.47,1.3571,1.3035,0.0195,0.0731,151,0,0
03/25/2005,16:00,1.3748,1.3757,1.3371,1.3374,523295,0.014748,0.018359,-0.003610,48.71,52.91,59.26,1.3553,1.3053,0.0179,0.0321,152,0,0
04/01/2005,16:00,1.3388,1.3492,1.3292,1.3344,533255,0.011739,0.017035,-0.005295,47.97,33.44,50.06,1.3538,1.3072,0.0194,0.0272,153,0,0
04/08/2005,16:00,1.3330,1.3374,1.3234,1.3367,551673,0.009432,0.015514,-0.006082,48.61,20.10,35.48,1.3526,1.3094,0.0159,0.0273,154,0,0
04/15/2005,16:00,1.3359,1.3452,1.3199,1.3353,839212,0.007404,0.013892,-0.006488,48.22,20.89,24.81,1.3530,1.3114,0.0177,0.0239,155,0,0
04/22/2005,16:00,1.3346,1.3555,1.3305,1.3494,756010,0.006857,0.012485,-0.005629,52.36,29.11,23.37,1.3548,1.3137,0.0054,0.0357,156,0,0
04/29/2005,16:00,1.3488,1.3488,1.3281,1.3296,683036,0.004770,0.010942,-0.006172,46.71,27.38,25.80,1.3526,1.3157,0.0230,0.0139,157,0,0
05/06/2005,16:00,1.3286,1.3414,1.3234,1.3241,628240,0.002642,0.009282,-0.006640,45.25,22.37,26.29,1.3482,1.3174,0.0241,0.0067,158,0,0
05/13/2005,16:00,1.3240,1.3337,1.3031,1.3054,698106,-0.000548,0.007316,-0.007864,40.61,8.65,19.47,1.3419,1.3183,0.0365,0.0129,159,0,0
05/20/2005,16:00,1.3050,1.3110,1.2956,1.2979,616678,-0.003638,0.005125,-0.008763,38.88,4.23,11.75,1.3327,1.3188,0.0348,0.0209,160,0,0
05/27/2005,16:00,1.2967,1.3048,1.2907,1.2995,588308,-0.005891,0.002922,-0.008813,39.47,4.67,5.85,1.3250,1.3200,0.0255,0.0205,161,0,0
06/03/2005,16:00,1.2954,1.2963,1.2573,1.2648,798983,-0.010356,0.000266,-0.010623,32.20,5.59,4.83,1.3177,1.3201,0.0529,0.0553,0,1,0
06/10/2005,16:00,1.2642,1.2768,1.2518,1.2529,452198,-0.014686,-0.002724,-0.011962,30.15,4.62,4.96,1.3096,1.3200,0.0567,0.0671,0,2,0
06/17/2005,16:00,1.2523,1.2699,1.2429,1.2698,918376,-0.016563,-0.005492,-0.011071,36.35,8.37,6.19,1.3029,1.3199,0.0331,0.0501,0,3,0
06/24/2005,16:00,1.2620,1.2649,1.2390,1.2500,676208,-0.019425,-0.008279,-0.011146,32.69,9.15,7.38,1.2943,1.3192,0.0443,0.0692,0,4,0
07/01/2005,16:00,1.2503,1.2593,1.2346,1.2362,606464,-0.022546,-0.011132,-0.011414,30.39,9.71,9.08,1.2830,1.3182,0.0468,0.0820,0,5,0
07/08/2005,16:00,1.2339,1.2444,1.2270,1.2369,542449,-0.024678,-0.013841,-0.010837,30.66,5.83,8.23,1.2737,1.3179,0.0368,0.0810,0,6,0
07/15/2005,16:00,1.2364,1.2657,1.2360,1.2435,652407,-0.025542,-0.016181,-0.009360,33.25,7.41,7.65,1.2657,1.3178,0.0222,0.0743,0,7,0
07/22/2005,16:00,1.2423,1.2653,1.2352,1.2452,715845,-0.025791,-0.018103,-0.007688,33.94,11.57,8.27,1.2597,1.3173,0.0145,0.0721,0,8,0
07/29/2005,16:00,1.2451,1.2554,1.2355,1.2518,652709,-0.025166,-0.019516,-0.005650,36.65,15.71,11.56,1.2551,1.3167,0.0033,0.0649,0,9,0
08/05/2005,16:00,1.2518,1.2794,1.2510,1.2761,715835,-0.022451,-0.020103,-0.002348,45.54,25.25,17.51,1.2527,1.3167,0.0234,0.0406,0,10,0
08/12/2005,16:00,1.2731,1.2875,1.2708,1.2828,586302,-0.019534,-0.019989,0.000455,47.71,37.82,26.26,1.2545,1.3175,0.0283,0.0347,0,11,0
08/19/2005,16:00,1.2840,1.2844,1.2510,1.2535,553589,-0.019363,-0.019864,0.000501,40.16,43.07,35.38,1.2546,1.3175,0.0011,0.0640,0,12,0
08/26/2005,16:00,1.2549,1.2724,1.2541,1.2671,505266,-0.017924,-0.019476,0.001552,44.55,45.59,42.16,1.2543,1.3175,0.0128,0.0504,0,13,0
09/02/2005,16:00,1.2667,1.2968,1.2551,1.2924,801750,-0.014573,-0.018495,0.003922,51.65,56.99,48.55,1.2585,1.3180,0.0339,0.0256,0,14,0
09/09/2005,16:00,1.2909,1.2963,1.2749,1.2787,447611,-0.012875,-0.017371,0.004496,48.06,72.31,58.30,1.2628,1.3182,0.0159,0.0395,0,15,0
09/16/2005,16:00,1.2783,1.2790,1.2561,1.2608,608110,-0.012826,-0.016462,0.003636,43.78,72.06,67.12,1.2652,1.3177,0.0044,0.0569,0,16,0
09/23/2005,16:00,1.2541,1.2638,1.2406,1.2406,573211,-0.014253,-0.016020,0.001768,39.50,47.33,63.90,1.2649,1.3168,0.0243,0.0762,0,17,0
09/30/2005,16:00,1.2395,1.2458,1.2339,1.2398,625539,-0.015272,-0.015871,0.000599,39.34,28.75,49.38,1.2644,1.3157,0.0246,0.0759,0,18,0
10/07/2005,16:00,1.2388,1.2565,1.2263,1.2482,631348,-0.015226,-0.015742,0.000516,42.06,22.99,33.02,1.2640,1.3144,0.0158,0.0662,0,19,0
10/14/2005,16:00,1.2479,1.2513,1.2270,1.2432,607468,-0.015416,-0.015677,0.000261,40.88,24.48,25.41,1.2607,1.3128,0.0175,0.0696,0,20,0
10/21/2005,16:00,1.2434,1.2479,1.2230,1.2298,625907,-0.016458,-0.015833,-0.000625,37.83,21.23,22.90,1.2554,1.3106,0.0256,0.0808,0,21,0
10/28/2005,16:00,1.2298,1.2523,1.2274,1.2416,627324,-0.016145,-0.015895,-0.000250,41.94,19.39,21.70,1.2542,1.3086,0.0126,0.0670,0,22,0
11/04/2005,16:00,1.2410,1.2438,1.2145,1.2159,754295,-0.017766,-0.016269,-0.001497,36.31,11.66,17.43,1.2491,1.3059,0.0332,0.0900,0,23,0
11/11/2005,16:00,1.2150,1.2175,1.2009,1.2065,620267,-0.019584,-0.016932,-0.002651,34.49,10.16,13.74,1.2405,1.3026,0.0340,0.0961,0,24,0
11/18/2005,16:00,1.2054,1.2130,1.1977,1.2107,800644,-0.020450,-0.017636,-0.002814,36.03,7.21,9.68,1.2337,1.2990,0.0230,0.0883,0,25,0
11/25/2005,16:00,1.2109,1.2206,1.2016,1.2044,623117,-0.021397,-0.018388,-0.003009,34.71,8.60,8.66,1.2281,1.2957,0.0237,0.0913,0,26,0
12/02/2005,16:00,1.2037,1.2234,1.1986,1.2045,835096,-0.021888,-0.019088,-0.002800,34.75,8.91,8.24,1.2245,1.2923,0.0200,0.0878,0,27,0
12/09/2005,16:00,1.2031,1.2172,1.2013,1.2128,606677,-0.021361,-0.019543,-0.001818,38.21,9.64,9.05,1.2218,1.2886,0.0090,0.0758,0,28,0
12/16/2005,16:00,1.2113,1.2383,1.2106,1.2335,610773,-0.019054,-0.019445,0.000391,45.92,20.68,13.08,1.2203,1.2853,0.0132,0.0518,0,29,0
12/23/2005,16:00,1.2345,1.2357,1.2115,1.2188,472887,-0.018201,-0.019196,0.000995,41.92,29.27,19.86,1.2178,1.2827,0.0010,0.0639,0,30,0
12/30/2005,16:00,1.2161,1.2244,1.2086,1.2150,308884,-0.017629,-0.018883,0.001254,40.93,35.98,28.64,1.2164,1.2799,0.0014,0.0649,0,31,0
01/06/2006,16:00,1.2130,1.2488,1.2118,1.2456,671460,-0.014539,-0.018014,0.003475,50.99,46.98,37.41,1.2168,1.2778,0.0288,0.0322,0,32,0
01/13/2006,16:00,1.2449,1.2465,1.2307,1.2436,727118,-0.012112,-0.016833,0.004722,50.39,64.52,49.16,1.2195,1.2757,0.0241,0.0321,0,33,0
01/20/2006,16:00,1.2447,1.2475,1.2336,1.2430,585687,-0.010120,-0.015491,0.005371,50.20,82.80,64.76,1.2232,1.2739,0.0198,0.0309,0,34,0
01/27/2006,16:00,1.2438,1.2620,1.2379,1.2385,694755,-0.008803,-0.014153,0.005350,48.70,76.08,74.47,1.2260,1.2721,0.0125,0.0336,0,35,0
02/03/2006,16:00,1.2397,1.2481,1.2255,1.2311,733231,-0.008261,-0.012975,0.004714,46.25,65.23,74.70,1.2286,1.2697,0.0025,0.0386,0,36,0
02/10/2006,16:00,1.2315,1.2333,1.2173,1.2183,727233,-0.008763,-0.012132,0.003369,42.29,49.14,63.48,1.2300,1.2667,0.0117,0.0484,0,37,0
02/17/2006,16:00,1.2177,1.2235,1.2125,1.2208,667787,-0.008858,-0.011478,0.002620,43.31,39.97,51.45,1.2308,1.2637,0.0100,0.0429,0,38,0
02/24/2006,16:00,1.2203,1.2251,1.2126,1.2147,481267,-0.009317,-0.011046,0.001728,41.39,31.15,40.09,1.2289,1.2602,0.0142,0.0455,0,39,0
03/03/2006,16:00,1.2141,1.2319,1.2096,1.2310,511353,-0.008271,-0.010491,0.002220,48.03,37.47,36.19,1.2302,1.2573,0.0008,0.0263,0,40,0
03/10/2006,16:00,1.2315,1.2359,1.2122,1.2169,457243,-0.008482,-0.010089,0.001607,43.44,34.19,34.27,1.2303,1.2549,0.0134,0.0380,0,41,0
03/17/2006,16:00,1.2175,1.2467,1.2172,1.2447,740015,-0.006333,-0.009338,0.003005,52.98,47.38,39.68,1.2303,1.2531,0.0144,0.0084,0,42,0
03/24/2006,16:00,1.2438,1.2454,1.2203,1.2289,653321,-0.005837,-0.008637,0.002801,48.02,42.99,41.52,1.2288,1.2509,0.0001,0.0220,0,43,0
03/31/2006,16:00,1.2284,1.2422,1.2229,1.2364,643131,-0.004784,-0.007867,0.003083,50.39,52.56,47.64,1.2281,1.2489,0.0083,0.0125,0,44,0
04/07/2006,16:00,1.2364,1.2576,1.2279,1.2337,862283,-0.004120,-0.007117,0.002998,49.52,45.35,46.97,1.2276,1.2466,0.0061,0.0129,0,45,0
04/14/2006,16:00,1.2349,1.2408,1.2305,1.2352,430084,-0.003433,-0.006380,0.002948,50.04,48.99,48.97,1.2281,1.2447,0.0071,0.0095,0,46,0
04/21/2006,16:00,1.2358,1.2633,1.2352,1.2582,789472,-0.001020,-0.005308,0.004288,57.30,62.02,52.12,1.2320,1.2434,0.0262,0.0148,0,47,0
04/28/2006,16:00,1.2600,1.2870,1.2567,1.2863,890565,0.003123,-0.003622,0.006745,64.15,82.23,64.41,1.2386,1.2430,0.0477,0.0433,0,48,0
05/05/2006,16:00,1.2850,1.2993,1.2785,1.2957,934980,0.007083,-0.001481,0.008564,66.11,95.74,80.00,1.2467,1.2430,0.0490,0.0527,1,0,0
05/12/2006,16:00,1.2968,1.3178,1.2886,1.3146,1086518,0.011613,0.001138,0.010475,69.69,97.28,91.75,1.2551,1.2433,0.0595,0.0713,2,0,0
05/19/2006,16:00,1.3165,1.3193,1.2908,1.2994,1140473,0.013817,0.003673,0.010143,63.84,91.32,94.78,1.2633,1.2440,0.0361,0.0554,3,0,0
05/26/2006,16:00,1.2975,1.3110,1.2906,1.2930,889934,0.014876,0.005914,0.008962,61.50,84.92,91.17,1.2681,1.2448,0.0249,0.0482,4,0,0
06/02/2006,16:00,1.2938,1.3144,1.2926,1.3121,831486,0.017059,0.008143,0.008916,65.56,83.77,86.67,1.2765,1.2456,0.0356,0.0665,5,0,0
06/09/2006,16:00,1.3127,1.3182,1.2823,1.2911,693813,0.016901,0.009894,0.007006,58.28,81.10,83.27,1.2819,1.2465,0.0092,0.0446,6,0,0
06/16/2006,16:00,1.2812,1.2866,1.2724,1.2836,641476,0.015985,0.011113,0.004873,55.90,77.70,80.86,1.2869,1.2474,0.0033,0.0362,7,0,0
06/23/2006,16:00,1.2839,1.2869,1.2666,1.2693,662111,0.013945,0.011679,0.002266,51.56,63.04,73.95,1.2903,1.2481,0.0210,0.0212,8,0,0
06/30/2006,16:00,1.2693,1.2975,1.2690,1.2973,677806,0.014422,0.012228,0.002194,58.37,63.80,68.18,1.2942,1.2491,0.0031,0.0482,9,0,0
07/07/2006,16:00,1.2970,1.3040,1.2886,1.2982,612261,0.014702,0.012723,0.001980,58.57,67.54,64.79,1.2954,1.2502,0.0028,0.0480,10,0,0
07/14/2006,16:00,1.2985,1.2990,1.2795,1.2815,636110,0.013423,0.012863,0.000560,53.41,70.75,67.36,1.2940,1.2508,0.0125,0.0307,11,0,0
07/21/2006,16:00,1.2805,1.2859,1.2618,1.2856,737342,0.012594,0.012809,-0.000215,54.47,64.96,67.75,1.2911,1.2510,0.0055,0.0346,12,0,0
07/28/2006,16:00,1.2863,1.2930,1.2718,1.2919,678730,0.012304,0.012708,-0.000404,56.12,58.00,64.57,1.2904,1.2512,0.0015,0.0407,13,0,0
08/04/2006,16:00,1.2921,1.3060,1.2875,1.3022,806132,0.012758,0.012718,0.000040,58.76,61.70,61.56,1.2913,1.2521,0.0109,0.0501,14,0,0
08/11/2006,16:00,1.3033,1.3058,1.2858,1.2865,663338,0.011716,0.012517,-0.000802,53.48,56.48,58.73,1.2887,1.2525,0.0022,0.0340,15,0,0
08/18/2006,16:00,1.2854,1.3026,1.2837,1.2963,597121,0.011548,0.012324,-0.000776,56.13,57.74,58.64,1.2892,1.2526,0.0071,0.0437,16,0,0
08/25/2006,16:00,1.2961,1.3076,1.2858,1.2885,709715,0.010662,0.011991,-0.001329,53.52,50.12,54.78,1.2897,1.2528,0.0012,0.0357,17,0,0
09/01/2006,16:00,1.2890,1.3007,1.2880,1.2968,718505,0.010509,0.011695,-0.001186,55.87,56.49,54.78,1.2925,1.2535,0.0043,0.0433,18,0,0
09/08/2006,16:00,1.2969,1.2997,1.2773,1.2795,489572,0.008889,0.011134,-0.002245,50.17,46.93,51.18,1.2907,1.2543,0.0112,0.0252,19,0,0
09/15/2006,16:00,1.2780,1.2870,1.2745,1.2780,599363,0.007399,0.010387,-0.002988,49.70,43.44,48.95,1.2887,1.2551,0.0107,0.0229,20,0,0
09/22/2006,16:00,1.2751,1.2941,1.2746,1.2893,727584,0.007049,0.009719,-0.002670,53.27,41.49,43.95,1.2895,1.2559,0.0002,0.0334,21,0,0
09/29/2006,16:00,1.2896,1.2929,1.2742,1.2777,712161,0.005769,0.008929,-0.003160,49.39,43.38,42.77,1.2887,1.2566,0.0110,0.0211,22,0,0
10/06/2006,16:00,1.2783,1.2867,1.2670,1.2691,780600,0.004014,0.007946,-0.003932,46.67,36.90,40.59,1.2864,1.2574,0.0173,0.0117,23,0,0
10/13/2006,16:00,1.2687,1.2711,1.2576,1.2607,607556,0.001923,0.006741,-0.004818,44.12,18.57,32.95,1.2822,1.2577,0.0215,0.0030,24,0,0
10/20/2006,16:00,1.2596,1.2731,1.2582,1.2705,701488,0.001045,0.005602,-0.004557,47.71,15.98,23.82,1.2806,1.2588,0.0101,0.0117,25,0,0
10/27/2006,16:00,1.2706,1.2834,1.2612,1.2825,722372,0.001302,0.004742,-0.003440,51.80,27.27,20.61,1.2793,1.2604,0.0032,0.0221,26,0,0
11/03/2006,16:00,1.2813,1.2881,1.2761,1.2798,786439,0.001274,0.004049,-0.002775,50.84,40.00,27.75,1.2784,1.2617,0.0014,0.0181,27,0,0
11/10/2006,16:00,1.2793,1.2976,1.2768,1.2913,778779,0.002154,0.003670,-0.001515,54.70,53.87,40.38,1.2778,1.2635,0.0135,0.0278,28,0,0
11/17/2006,16:00,1.2923,1.2953,1.2832,1.2897,911773,0.002692,0.003474,-0.000782,54.06,58.67,50.84,1.2789,1.2652,0.0108,0.0245,29,0,0
11/24/2006,16:00,1.2895,1.3175,1.2865,1.3153,685296,0.005125,0.003804,0.001320,61.74,77.24,63.26,1.2826,1.2672,0.0327,0.0481,30,0,0
12/01/2006,16:00,1.3212,1.3409,1.3149,1.3394,1168339,0.008895,0.004822,0.004072,67.28,88.82,74.91,1.2876,1.2693,0.0518,0.0701,31,0,0
12/08/2006,16:00,1.3420,1.3423,1.3246,1.3258,822400,0.010662,0.005990,0.004672,61.83,91.14,85.73,1.2924,1.2715,0.0334,0.0543,32,0,0
12/15/2006,16:00,1.3242,1.3347,1.3109,1.3133,848042,0.010928,0.006978,0.003950,57.25,81.40,87.12,1.2968,1.2734,0.0165,0.0399,33,0,0
12/22/2006,16:00,1.3131,1.3292,1.3100,1.3163,874181,0.011252,0.007833,0.003419,58.06,71.86,81.47,1.3024,1.2749,0.0139,0.0414,34,0,0
12/29/2006,16:00,1.3165,1.3247,1.3134,1.3231,390770,0.011919,0.008650,0.003269,59.90,70.80,74.69,1.3076,1.2765,0.0155,0.0466,35,0,0
01/05/2007,16:00,1.3314,1.3338,1.3018,1.3047,672144,0.010839,0.009088,0.001751,53.11,67.41,70.02,1.3099,1.2777,0.0052,0.0270,36,0,0
01/12/2007,16:00,1.3046,1.3089,1.2896,1.2955,954775,0.009134,0.009097,0.000037,50.05,59.23,65.81,1.3114,1.2788,0.0159,0.0167,37,0,0
01/19/2007,16:00,1.2965,1.3030,1.2920,1.2994,741379,0.008006,0.008879,-0.000873,51.33,49.78,58.81,1.3122,1.2802,0.0128,0.0192,38,0,0
01/26/2007,16:00,1.2987,1.3072,1.2896,1.2933,862326,0.006545,0.008412,-0.001867,49.21,44.50,51.17,1.3126,1.2817,0.0193,0.0116,39,0,0
02/02/2007,16:00,1.2945,1.3087,1.2922,1.2986,862192,0.005748,0.007879,-0.002132,51.10,41.40,45.23,1.3109,1.2832,0.0123,0.0154,40,0,0
02/09/2007,16:00,1.2977,1.3061,1.2933,1.3022,692984,0.005345,0.007372,-0.002027,52.40,37.59,41.16,1.3072,1.2850,0.0050,0.0172,41,0,0
02/16/2007,16:00,1.3035,1.3186,1.2957,1.3148,828235,0.005974,0.007093,-0.001119,56.72,41.67,40.22,1.3061,1.2867,0.0087,0.0281,42,0,0
02/23/2007,16:00,1.3167,1.3202,1.3089,1.3173,615808,0.006598,0.006994,-0.000396,57.54,48.67,42.64,1.3065,1.2887,0.0108,0.0286,43,0,0
03/02/2007,16:00,1.3181,1.3267,1.3146,1.3197,931512,0.007203,0.007035,0.000167,58.36,55.19,48.51,1.3069,1.2902,0.0128,0.0295,44,0,0
03/09/2007,16:00,1.3207,1.3214,1.3074,1.3116,838542,0.006948,0.007018,-0.000070,54.54,51.43,51.76,1.3057,1.2918,0.0059,0.0198,45,0,0
03/16/2007,16:00,1.3086,1.3306,1.3076,1.3280,722033,0.007978,0.007210,0.000768,60.22,60.13,55.58,1.3080,1.2937,0.0200,0.0343,46,0,0
03/23/2007,16:00,1.3281,1.3373,1.3234,1.3243,838185,0.008399,0.007448,0.000951,58.45,65.36,58.97,1.3109,1.2955,0.0134,0.0288,47,0,0
03/30/2007,16:00,1.3251,1.3357,1.3213,1.3311,938255,0.009176,0.007793,0.001382,60.74,81.57,69.02,1.3141,1.2974,0.0170,0.0337,48,0,0
04/06/2007,16:00,1.3331,1.3395,1.3270,1.3322,598972,0.009767,0.008188,0.001579,61.11,81.76,76.23,1.3180,1.2989,0.0142,0.0333,49,0,0
04/13/2007,16:00,1.3324,1.3504,1.3292,1.3481,692119,0.011388,0.008828,0.002560,66.13,90.03,84.45,1.3229,1.3001,0.0252,0.0480,50,0,0
04/20/2007,16:00,1.3516,1.3583,1.3473,1.3536,723454,0.012966,0.009656,0.003311,67.68,92.03,87.94,1.3281,1.3013,0.0255,0.0523,51,0,0
04/27/2007,16:00,1.3537,1.3630,1.3485,1.3594,787833,0.014518,0.010628,0.003890,69.28,94.78,92.28,1.3325,1.3022,0.0269,0.0572,52,0,0
05/04/2007,16:00,1.3576,1.3620,1.3473,1.3531,852408,0.015066,0.011516,0.003550,65.49,91.45,92.75,1.3361,1.3032,0.0170,0.0499,53,0,0
05/11/2007,16:00,1.3533,1.3565,1.3397,1.3457,746338,0.014733,0.012159,0.002574,61.25,85.60,90.61,1.3387,1.3043,0.0070,0.0414,54,0,0
05/18/2007,16:00,1.3464,1.3543,1.3395,1.3440,705258,0.014169,0.012561,0.001608,60.28,77.77,84.94,1.3419,1.3049,0.0021,0.0391,55,0,0
05/25/2007,16:00,1.3449,1.3461,1.3338,1.3373,666786,0.013031,0.012655,0.000376,56.50,67.81,77.06,1.3429,1.3059,0.0056,0.0314,56,0,0
06/01/2007,16:00,1.3375,1.3446,1.3315,1.3373,781074,0.011990,0.012522,-0.000532,56.50,60.56,68.71,1.3442,1.3069,0.0069,0.0304,57,0,0
06/08/2007,16:00,1.3365,1.3477,1.3238,1.3292,994117,0.010393,0.012096,-0.001704,51.93,48.92,59.10,1.3440,1.3081,0.0148,0.0211,58,0,0
06/15/2007,16:00,1.3279,1.3306,1.3181,1.3306,587769,0.009134,0.011504,-0.002370,52.65,44.84,51.44,1.3438,1.3088,0.0132,0.0218,59,0,0
06/22/2007,16:00,1.3297,1.3384,1.3285,1.3383,681408,0.008658,0.010935,-0.002276,56.47,41.69,45.15,1.3428,1.3096,0.0045,0.0287,60,0,0
06/29/2007,16:00,1.3379,1.3452,1.3327,1.3451,719632,0.008729,0.010494,-0.001764,59.57,48.35,44.96,1.3420,1.3109,0.0031,0.0342,61,0,0
07/06/2007,16:00,1.3455,1.3568,1.3438,1.3536,672626,0.009363,0.010268,-0.000904,63.11,61.40,50.48,1.3414,1.3122,0.0122,0.0414,62,0,0
07/13/2007,16:00,1.3541,1.3719,1.3501,1.3689,862373,0.010974,0.010409,0.000565,68.47,78.90,62.88,1.3430,1.3138,0.0259,0.0551,63,0,0
07/20/2007,16:00,1.3682,1.3745,1.3655,1.3729,717300,0.012430,0.010813,0.001617,69.70,90.97,77.09,1.3457,1.3152,0.0272,0.0577,64,0,0
07/27/2007,16:00,1.3735,1.3753,1.3522,1.3532,995531,0.011858,0.011022,0.000836,57.69,84.05,84.64,1.3466,1.3165,0.0066,0.0367,65,0,0
08/03/2007,16:00,1.3511,1.3714,1.3506,1.3667,836274,0.012351,0.011288,0.001063,62.47,81.09,85.37,1.3496,1.3179,0.0171,0.0488,66,0,0
08/10/2007,16:00,1.3727,1.3735,1.3536,1.3586,966309,0.011950,0.011420,0.000530,58.22,72.38,79.17,1.3517,1.3193,0.0069,0.0393,67,0,0
08/17/2007,16:00,1.3586,1.3603,1.3245,1.3356,1109694,0.009666,0.011069,-0.001404,48.21,62.12,71.86,1.3523,1.3201,0.0167,0.0155,68,0,0
08/24/2007,16:00,1.3379,1.3569,1.3337,1.3557,697700,0.009369,0.010729,-0.001360,55.42,55.71,63.40,1.3549,1.3216,0.0008,0.0341,69,0,0
08/31/2007,16:00,1.3557,1.3605,1.3447,1.3508,741207,0.008639,0.010311,-0.001672,53.47,51.17,56.33,1.3561,1.3231,0.0053,0.0277,70,0,0
09/07/2007,16:00,1.3516,1.3679,1.3434,1.3648,702934,0.009085,0.010066,-0.000981,58.02,68.18,58.35,1.3581,1.3246,0.0067,0.0402,71,0,0
09/14/2007,16:00,1.3657,1.3807,1.3646,1.3753,564248,0.010169,0.010087,0.000082,61.10,77.18,65.51,1.3602,1.3265,0.0151,0.0488,72,0,0
09/21/2007,16:00,1.3750,1.3983,1.3702,1.3957,724604,0.012530,0.010575,0.001954,66.28,90.44,78.60,1.3629,1.3291,0.0328,0.0666,73,0,0
09/28/2007,16:00,1.3957,1.4143,1.3924,1.4130,688324,0.015616,0.011583,0.004033,69.93,95.89,87.84,1.3669,1.3321,0.0461,0.0809,74,0,0
10/05/2007,16:00,1.4143,1.4145,1.3894,1.3997,852040,0.016796,0.012626,0.004170,64.17,92.63,92.99,1.3716,1.3347,0.0281,0.0650,75,0,0
10/12/2007,16:00,1.4012,1.4105,1.3876,1.4035,822067,0.017831,0.013667,0.004164,65.06,89.96,92.82,1.3753,1.3371,0.0282,0.0664,76,0,0
10/19/2007,16:00,1.4035,1.4183,1.4005,1.4160,814319,0.019437,0.014821,0.004616,67.87,89.74,90.77,1.3810,1.3399,0.0350,0.0761,77,0,0
10/26/2007,16:00,1.4189,1.4250,1.3982,1.4250,907365,0.021191,0.016095,0.005096,69.76,95.32,91.67,1.3899,1.3425,0.0351,0.0825,78,0,0
11/02/2007,16:00,1.4261,1.4380,1.4228,1.4360,809435,0.023202,0.017516,0.005685,71.93,98.60,94.55,1.3980,1.3455,0.0380,0.0905,79,0,0
11/09/2007,16:00,1.4369,1.4603,1.4295,1.4524,958061,0.025821,0.019177,0.006643,74.83,97.17,97.03,1.4081,1.3482,0.0443,0.1042,80,0,0
11/16/2007,16:00,1.4498,1.4577,1.4371,1.4519,884284,0.027538,0.020849,0.006689,74.57,95.25,97.01,1.4168,1.3504,0.0351,0.1015,81,0,0
11/23/2007,16:00,1.4517,1.4820,1.4472,1.4684,603723,0.029887,0.022657,0.007230,77.30,92.88,95.10,1.4262,1.3533,0.0422,0.1151,82,0,0
11/30/2007,16:00,1.4678,1.4761,1.4476,1.4483,903479,0.029782,0.024082,0.005700,67.77,86.82,91.65,1.4314,1.3560,0.0169,0.0923,83,0,0
12/07/2007,16:00,1.4498,1.4617,1.4370,1.4503,822914,0.029521,0.025170,0.004351,68.19,81.43,87.05,1.4351,1.3587,0.0152,0.0916,84,0,0
12/14/2007,16:00,1.4492,1.4595,1.4255,1.4273,702857,0.027145,0.025565,0.001580,58.70,69.56,79.27,1.4379,1.3608,0.0106,0.0665,85,0,0
12/21/2007,16:00,1.4247,1.4297,1.4155,1.4224,597598,0.024583,0.025368,-0.000785,56.89,60.30,70.43,1.4398,1.3631,0.0174,0.0593,86,0,0
12/28/2007,16:00,1.4218,1.4576,1.4202,1.4571,279132,0.025064,0.025308,-0.000244,65.11,56.98,62.28,1.4439,1.3663,0.0132,0.0908,87,0,0
01/04/2008,16:00,1.4568,1.4662,1.4412,1.4581,507019,0.025235,0.025293,-0.000058,65.32,63.94,60.41,1.4472,1.3695,0.0109,0.0886,88,0,0
01/11/2008,16:00,1.4584,1.4646,1.4470,1.4598,693125,0.025217,0.025278,-0.000061,65.69,74.93,65.28,1.4496,1.3729,0.0102,0.0869,89,0,0
01/18/2008,16:00,1.4633,1.4748,1.4413,1.4439,972275,0.023647,0.024951,-0.001305,59.32,69.11,69.33,1.4487,1.3758,0.0048,0.0681,90,0,0
01/25/2008,16:00,1.4431,1.4595,1.4187,1.4501,1016806,0.022642,0.024490,-0.001848,60.91,64.81,69.62,1.4486,1.3787,0.0015,0.0714,91,0,0
02/01/2008,16:00,1.4504,1.4778,1.4475,1.4616,755432,0.022514,0.024094,-0.001581,63.75,61.38,65.10,1.4479,1.3817,0.0137,0.0799,92,0,0
02/08/2008,16:00,1.4615,1.4665,1.4256,1.4322,812705,0.019812,0.023238,-0.003426,53.14,52.91,59.70,1.4463,1.3839,0.0141,0.0483,93,0,0
02/15/2008,16:00,1.4341,1.4530,1.4298,1.4501,688729,0.018897,0.022370,-0.003473,57.75,48.82,54.37,1.4463,1.3866,0.0038,0.0635,94,0,0
02/22/2008,16:00,1.4501,1.4687,1.4432,1.4649,698953,0.019145,0.021725,-0.002579,61.15,50.48,50.73,1.4500,1.3896,0.0149,0.0753,95,0,0
02/29/2008,16:00,1.4657,1.5066,1.4603,1.5009,888832,0.021994,0.021779,0.000215,67.92,75.59,58.30,1.4579,1.3931,0.0430,0.1078,96,0,0
03/07/2008,16:00,1.5015,1.5292,1.4972,1.5183,1048279,0.025363,0.022495,0.002867,70.59,87.58,71.22,1.4640,1.3970,0.0543,0.1213,97,0,0
03/14/2008,16:00,1.5185,1.5515,1.5113,1.5491,734912,0.030170,0.024030,0.006140,74.61,94.42,85.86,1.4731,1.4013,0.0760,0.1478,98,0,0
03/21/2008,16:00,1.5497,1.5717,1.5227,1.5242,961247,0.031606,0.025546,0.006061,66.67,85.02,89.01,1.4795,1.4052,0.0447,0.1190,99,0,0
03/28/2008,16:00,1.5244,1.5694,1.5170,1.5639,795296,0.035539,0.027544,0.007994,71.82,87.04,88.83,1.4915,1.4095,0.0724,0.1544,100,0,0
04/04/2008,16:00,1.5639,1.5740,1.5358,1.5577,985297,0.037720,0.029579,0.008140,70.00,84.59,85.55,1.5023,1.4136,0.0554,0.1441,101,0,0
04/11/2008,16:00,1.5578,1.5764,1.5474,1.5657,805533,0.039637,0.031591,0.008046,71.02,92.53,88.05,1.5127,1.4177,0.0530,0.1480,102,0,0
04/18/2008,16:00,1.5535,1.5843,1.5517,1.5679,1081062,0.040863,0.033445,0.007418,71.31,90.93,89.35,1.5263,1.4220,0.0416,0.1459,103,0,0
04/25/2008,16:00,1.5668,1.5882,1.5419,1.5497,1237795,0.039906,0.034737,0.005168,65.49,86.69,90.05,1.5362,1.4261,0.0135,0.1236,104,0,0
05/02/2008,16:00,1.5471,1.5560,1.5226,1.5289,1146399,0.037042,0.035198,0.001844,59.52,77.05,84.89,1.5426,1.4298,0.0137,0.0991,105,0,0
05/09/2008,16:00,1.5299,1.5464,1.5152,1.5350,1030740,0.034862,0.035131,-0.000269,60.65,69.48,77.74,1.5460,1.4337,0.0110,0.1013,106,0,0
05/16/2008,16:00,1.5337,1.5477,1.5237,1.5452,1121992,0.033571,0.034819,-0.001248,62.54,67.85,71.46,1.5487,1.4379,0.0035,0.1073,107,0,0
05/23/2008,16:00,1.5459,1.5693,1.5360,1.5649,993177,0.033749,0.034605,-0.000856,65.94,74.36,70.56,1.5503,1.4426,0.0146,0.1223,108,0,0
05/30/2008,16:00,1.5648,1.5701,1.5347,1.5443,885757,0.031860,0.034056,-0.002196,59.82,74.45,72.22,1.5523,1.4469,0.0080,0.0974,109,0,0
06/06/2008,16:00,1.5443,1.5669,1.5254,1.5666,1356367,0.031796,0.033604,-0.001808,63.75,75.60,74.80,1.5526,1.4514,0.0140,0.1152,110,0,0
06/13/2008,16:00,1.5672,1.5735,1.5208,1.5287,649981,0.028360,0.032555,-0.004195,54.09,57.74,69.26,1.5497,1.4551,0.0210,0.0736,111,0,0
06/20/2008,16:00,1.5317,1.5557,1.5250,1.5507,944862,0.027100,0.031464,-0.004364,58.06,50.77,61.37,1.5482,1.4590,0.0025,0.0917,112,0,0
06/27/2008,16:00,1.5514,1.5706,1.5373,1.5706,981707,0.027391,0.030650,-0.003258,61.32,48.59,52.37,1.5485,1.4631,0.0221,0.1075,113,0,0
07/04/2008,16:00,1.5695,1.5825,1.5570,1.5611,951513,0.026549,0.029830,-0.003280,58.96,62.47,53.94,1.5496,1.4668,0.0115,0.0943,114,0,0
07/11/2008,16:00,1.5622,1.5868,1.5527,1.5854,1024188,0.027526,0.029369,-0.001843,62.89,78.31,63.12,1.5552,1.4715,0.0302,0.1139,115,0,0
07/18/2008,16:00,1.5863,1.5960,1.5707,1.5772,1053080,0.027323,0.028960,-0.001637,60.78,78.53,73.10,1.5595,1.4757,0.0177,0.1015,116,0,0
07/25/2008,16:00,1.5767,1.5873,1.5557,1.5640,993210,0.025800,0.028328,-0.002528,57.43,77.15,78.00,1.5613,1.4798,0.0027,0.0842,117,0,0
08/01/2008,16:00,1.5637,1.5701,1.5450,1.5500,1084536,0.023196,0.027301,-0.004106,54.03,60.07,71.92,1.5599,1.4841,0.0099,0.0659,118,0,0
08/08/2008,16:00,1.5500,1.5570,1.4940,1.4954,1216404,0.016535,0.025148,-0.008613,43.27,32.25,56.49,1.5550,1.4869,0.0596,0.0085,119,0,0
08/15/2008,16:00,1.4966,1.5029,1.4608,1.4636,1321615,0.008592,0.021837,-0.013245,38.47,12.26,34.86,1.5447,1.4891,0.0811,0.0255,120,0,0
08/22/2008,16:00,1.4630,1.4858,1.4581,1.4747,1078657,0.003156,0.018101,-0.014945,40.94,5.55,16.69,1.5393,1.4913,0.0646,0.0166,121,0,0
08/29/2008,16:00,1.4740,1.4772,1.4528,1.4629,1140177,-0.002080,0.014065,-0.016145,39.14,7.09,8.30,1.5305,1.4931,0.0676,0.0302,122,0,0
09/05/2008,16:00,1.4652,1.4684,1.4161,1.4232,1399907,-0.009326,0.009386,-0.018712,33.77,7.33,6.65,1.5157,1.4936,0.0925,0.0704,123,0,0
09/12/2008,16:00,1.4263,1.4396,1.3851,1.4188,681601,-0.015247,0.004460,-0.019707,33.23,9.53,7.98,1.5015,1.4938,0.0827,0.0750,124,0,0
09/19/2008,16:00,1.4250,1.4582,1.4050,1.4489,1281712,-0.017312,0.000105,-0.017417,40.31,17.38,11.42,1.4879,1.4947,0.0390,0.0458,0,1,0
09/26/2008,16:00,1.4502,1.4886,1.4455,1.4652,988755,-0.017432,-0.003402,-0.014030,43.79,28.07,18.33,1.4767,1.4960,0.0115,0.0308,0,2,0
10/03/2008,16:00,1.4568,1.4678,1.3731,1.3810,1081545,-0.024044,-0.007530,-0.016513,33.07,23.55,23.00,1.4584,1.4953,0.0774,0.1143,0,3,0
10/10/2008,16:00,1.3669,1.3875,1.3320,1.3458,927029,-0.031758,-0.012376,-0.019382,29.79,14.59,22.07,1.4379,1.4937,0.0921,0.1479,0,4,0
10/17/2008,16:00,1.3633,1.3815,1.3381,1.3434,807230,-0.037632,-0.017427,-0.020205,29.58,4.41,14.18,1.4227,1.4918,0.0793,0.1484,0,5,0
10/24/2008,16:00,1.3424,1.3550,1.2519,1.2665,1029008,-0.047939,-0.023529,-0.024410,23.67,4.61,7.87,1.4030,1.4881,0.1365,0.2216,0,6,0
10/31/2008,16:00,1.2570,1.3317,1.2366,1.2759,1147477,-0.054718,-0.029767,-0.024951,25.62,7.00,5.34,1.3832,1.4846,0.1073,0.2087,0,7,0
11/07/2008,16:00,1.2792,1.3136,1.2547,1.2737,999942,-0.059582,-0.035730,-0.023852,25.46,9.20,6.94,1.3642,1.4807,0.0905,0.2070,0,8,0
11/14/2008,16:00,1.2837,1.2946,1.2412,1.2628,924651,-0.063583,-0.041301,-0.022282,24.62,11.15,9.12,1.3482,1.4770,0.0854,0.2142,0,9,0
11/21/2008,16:00,1.2568,1.2840,1.2455,1.2620,926638,-0.066057,-0.046252,-0.019805,24.55,10.58,10.31,1.3325,1.4732,0.0705,0.2112,0,10,0
11/28/2008,16:00,1.2626,1.3117,1.2598,1.2740,593160,-0.066285,-0.050258,-0.016026,27.60,11.55,11.09,1.3150,1.4702,0.0410,0.1962,0,11,0
12/05/2008,16:00,1.2747,1.2885,1.2586,1.2746,854353,-0.065660,-0.053339,-0.012322,27.76,13.33,11.82,1.2960,1.4672,0.0214,0.1926,0,12,0
12/12/2008,16:00,1.2746,1.3423,1.2742,1.3381,383520,-0.059357,-0.054543,-0.004815,42.10,23.40,16.10,1.2917,1.4648,0.0464,0.1267,0,13,0
12/19/2008,16:00,1.3402,1.4726,1.3374,1.3911,999775,-0.049515,-0.053537,0.004022,50.87,38.89,25.21,1.2962,1.4635,0.0949,0.0724,0,14,0
12/26/2008,16:00,1.3930,1.4132,1.3910,1.4038,192976,-0.040226,-0.050875,0.010649,52.72,55.98,39.42,1.3022,1.4624,0.1016,0.0586,0,15,0
01/02/2009,16:00,1.4088,1.4373,1.3843,1.3929,304362,-0.033359,-0.047372,0.014012,50.95,64.59,53.15,1.3149,1.4613,0.0780,0.0684,0,16,0
01/09/2009,16:00,1.3895,1.3971,1.3322,1.3470,863169,-0.031261,-0.044149,0.012889,44.21,59.93,60.17,1.3220,1.4593,0.0250,0.1123,0,17,0
01/16/2009,16:00,1.3466,1.3466,1.3038,1.3328,879042,-0.030393,-0.041398,0.011005,42.35,51.26,58.59,1.3279,1.4567,0.0049,0.1239,0,18,0
01/23/2009,16:00,1.3369,1.3403,1.2794,1.3004,821701,-0.031952,-0.039509,0.007557,38.37,38.19,49.79,1.3317,1.4541,0.0313,0.1537,0,19,0
01/30/2009,16:00,1.2950,1.3360,1.2798,1.2841,946308,-0.034109,-0.038429,0.004320,36.51,29.31,39.59,1.3339,1.4508,0.0498,0.1667,0,20,0
02/06/2009,16:00,1.2781,1.3102,1.2737,1.2973,949837,-0.034358,-0.037615,0.003257,39.08,23.80,30.43,1.3362,1.4474,0.0389,0.1501,0,21,0
02/13/2009,16:00,1.2997,1.3126,1.2753,1.2896,1043213,-0.034775,-0.037047,0.002272,38.11,21.75,24.95,1.3377,1.4432,0.0481,0.1536,0,22,0
02/20/2009,16:00,1.2828,1.2920,1.2547,1.2855,898666,-0.035033,-0.036644,0.001611,37.58,20.95,22.17,1.3324,1.4385,0.0469,0.1530,0,23,0
02/27/2009,16:00,1.2853,1.3028,1.2640,1.2695,986834,-0.036112,-0.036538,0.000426,35.49,15.26,19.32,1.3203,1.4329,0.0508,0.1634,0,24,0
03/06/2009,16:00,1.2654,1.2794,1.2495,1.2696,940755,-0.036538,-0.036538,-0.000000,35.51,11.21,15.80,1.3069,1.4278,0.0373,0.1582,0,25,0
03/13/2009,16:00,1.2705,1.3003,1.2602,1.2974,513354,-0.034238,-0.036078,0.001840,42.01,12.47,12.98,1.2973,1.4225,0.0001,0.1251,0,26,0
03/20/2009,16:00,1.2940,1.3779,1.2878,1.3616,997391,-0.026924,-0.034247,0.007323,53.64,26.91,16.86,1.2988,1.4186,0.0628,0.0570,0,27,0
03/27/2009,16:00,1.3678,1.3778,1.3299,1.3336,979102,-0.023120,-0.032022,0.008901,49.03,38.50,25.96,1.2989,1.4139,0.0347,0.0803,0,28,0
04/03/2009,16:00,1.3272,1.3561,1.3156,1.3527,842130,-0.018353,-0.029288,0.010935,52.06,50.01,38.47,1.3041,1.4096,0.0486,0.0569,0,29,0
04/10/2009,16:00,1.3556,1.3624,1.3163,1.3198,587746,-0.017034,-0.026837,0.009803,46.88,49.24,45.92,1.3077,1.4050,0.0121,0.0852,0,30,0
04/17/2009,16:00,1.3225,1.3432,1.3052,1.3081,638836,-0.016739,-0.024818,0.008078,45.17,50.04,49.76,1.3087,1.4006,0.0006,0.0925,0,31,0
04/24/2009,16:00,1.3085,1.3339,1.2920,1.3285,736181,-0.014690,-0.022792,0.008102,48.70,51.41,50.23,1.3126,1.3965,0.0159,0.0680,0,32,0
05/01/2009,16:00,1.3282,1.3426,1.3003,1.3311,737155,-0.012710,-0.020776,0.008065,49.15,56.91,52.79,1.3172,1.3922,0.0139,0.0611,0,33,0
05/08/2009,16:00,1.3317,1.3691,1.3252,1.3677,906131,-0.008094,-0.018240,0.010145,55.11,72.38,60.23,1.3270,1.3883,0.0407,0.0206,0,34,0
05/15/2009,16:00,1.3696,1.3761,1.3501,1.3533,852223,-0.005535,-0.015699,0.010164,52.50,78.82,69.37,1.3354,1.3844,0.0179,0.0311,0,35,0
05/22/2009,16:00,1.3523,1.4090,1.3462,1.4033,986001,0.000523,-0.012454,0.012977,59.64,90.27,80.49,1.3460,1.3812,0.0573,0.0221,0,36,0
05/29/2009,16:00,1.4051,1.4210,1.3833,1.4206,913959,0.006643,-0.008635,0.015278,61.79,93.32,87.47,1.3519,1.3790,0.0687,0.0416,0,37,0
06/05/2009,16:00,1.4175,1.4380,1.3973,1.4011,1272970,0.009806,-0.004947,0.014753,58.05,91.72,91.77,1.3586,1.3760,0.0425,0.0251,0,38,0
06/12/2009,16:00,1.3983,1.4217,1.3843,1.4055,485439,0.012524,-0.001453,0.013976,58.65,87.02,90.69,1.3639,1.3727,0.0416,0.0328,0,39,0
06/19/2009,16:00,1.4029,1.4058,1.3787,1.3981,973715,0.013920,0.001622,0.012298,57.15,78.84,85.86,1.3717,1.3695,0.0264,0.0286,1,0,0
06/26/2009,16:00,1.3993,1.4184,1.3869,1.4111,1172252,0.015893,0.004476,0.011416,59.13,79.05,81.64,1.3820,1.3660,0.0291,0.0451,2,0,0
07/03/2009,16:00,1.4109,1.4253,1.4030,1.4052,831514,0.016786,0.006938,0.009848,57.83,77.48,78.46,1.3897,1.3625,0.0155,0.0427,3,0,0
07/10/2009,16:00,1.4012,1.4125,1.3883,1.3993,1114964,0.016824,0.008915,0.007909,56.49,77.53,78.02,1.3965,1.3592,0.0028,0.0401,4,0,0
07/17/2009,16:00,1.3996,1.4218,1.3949,1.4156,904190,0.017963,0.010725,0.007238,59.30,78.56,77.86,1.4013,1.3566,0.0143,0.0590,5,0,0
07/24/2009,16:00,1.4167,1.4345,1.4160,1.4254,954740,0.019432,0.012466,0.006965,60.93,83.17,79.76,1.4085,1.3552,0.0169,0.0702,6,0,0
07/31/2009,16:00,1.4278,1.4357,1.4058,1.4303,1245401,0.020752,0.014123,0.006629,61.76,90.06,83.93,1.4112,1.3545,0.0191,0.0758,7,0,0
08/07/2009,16:00,1.4320,1.4500,1.4206,1.4234,1119331,0.020999,0.015499,0.005501,59.84,88.52,87.25,1.4115,1.3535,0.0119,0.0699,8,0,0
08/14/2009,16:00,1.4226,1.4380,1.4138,1.4252,972229,0.021098,0.016618,0.004479,60.18,83.87,87.48,1.4139,1.3527,0.0113,0.0725,9,0,0
08/21/2009,16:00,1.4243,1.4429,1.4096,1.4376,1015759,0.021923,0.017679,0.004244,62.59,80.81,84.40,1.4171,1.3530,0.0205,0.0846,10,0,0
08/28/2009,16:00,1.4393,1.4460,1.4257,1.4358,920486,0.022177,0.018579,0.003598,62.00,81.57,82.08,1.4209,1.3533,0.0149,0.0825,11,0,0
09/04/2009,16:00,1.4356,1.4430,1.4228,1.4353,1039970,0.022083,0.019280,0.002803,61.83,83.24,81.87,1.4233,1.3531,0.0120,0.0822,12,0,0
09/11/2009,16:00,1.4387,1.4684,1.4352,1.4621,533522,0.023895,0.020203,0.003693,67.12,84.85,83.22,1.4290,1.3530,0.0331,0.1091,13,0,0
09/18/2009,16:00,1.4645,1.4822,1.4563,1.4755,1077704,0.026112,0.021385,0.004727,69.40,89.53,85.87,1.4366,1.3549,0.0389,0.1206,14,0,0
09/25/2009,16:00,1.4744,1.4893,1.4659,1.4738,1096702,0.027416,0.022591,0.004825,68.75,90.36,88.24,1.4424,1.3575,0.0314,0.1163,15,0,0
10/02/2009,16:00,1.4749,1.4768,1.4528,1.4622,1334778,0.027199,0.023513,0.003687,64.31,83.94,87.94,1.4461,1.3598,0.0161,0.1024,16,0,0
10/09/2009,16:00,1.4636,1.4865,1.4627,1.4767,1079507,0.027876,0.024385,0.003491,67.17,81.87,85.39,1.4508,1.3640,0.0259,0.1127,17,0,0
10/16/2009,16:00,1.4767,1.5014,1.4723,1.4948,1052963,0.029533,0.025415,0.004118,70.35,84.99,83.60,1.4579,1.3684,0.0369,0.1264,18,0,0
10/23/2009,16:00,1.4946,1.5108,1.4875,1.5051,1194817,0.031316,0.026595,0.004721,72.02,92.03,86.30,1.4659,1.3730,0.0392,0.1321,19,0,0
10/30/2009,16:00,1.5049,1.5111,1.4730,1.4763,1536735,0.030059,0.027288,0.002771,61.60,85.13,87.39,1.4698,1.3773,0.0065,0.0990,20,0,0
11/06/2009,16:00,1.4779,1.4965,1.4673,1.4893,1368734,0.029768,0.027784,0.001984,64.12,80.02,85.73,1.4751,1.3819,0.0142,0.1074,21,0,0
11/13/2009,16:00,1.4923,1.5097,1.4869,1.4954,1205144,0.029688,0.028165,0.001523,65.28,76.55,80.57,1.4811,1.3863,0.0143,0.1091,22,0,0
11/20/2009,16:00,1.4970,1.5064,1.4848,1.4910,1374509,0.028936,0.028319,0.000617,63.69,81.08,79.22,1.4840,1.3906,0.0070,0.1004,23,0,0
11/27/2009,16:00,1.4901,1.5193,1.4876,1.5016,1170653,0.028862,0.028428,0.000435,65.84,82.14,79.92,1.4866,1.3939,0.0150,0.1077,24,0,0
12/04/2009,16:00,1.5059,1.5191,1.4870,1.4905,1529641,0.027590,0.028260,-0.000670,61.71,77.39,80.20,1.4883,1.3959,0.0022,0.0946,25,0,0
12/11/2009,16:00,1.4925,1.4950,1.4635,1.4669,600195,0.024397,0.027488,-0.003091,53.95,64.31,74.61,1.4888,1.3971,0.0219,0.0698,26,0,0
12/18/2009,16:00,1.4671,1.4740,1.4312,1.4388,1222061,0.019375,0.025865,-0.006490,46.46,39.82,60.51,1.4850,1.3980,0.0462,0.0408,27,0,0
12/25/2009,16:00,1.4363,1.4470,1.4269,1.4413,512903,0.015419,0.023776,-0.008357,47.16,20.29,41.48,1.4796,1.3999,0.0383,0.0414,28,0,0
01/01/2010,16:00,1.4426,1.4511,1.4325,1.4379,449000,0.011873,0.021395,-0.009522,46.27,12.09,24.07,1.4729,1.4020,0.0350,0.0359,29,0,0
01/08/2010,16:00,1.4377,1.4537,1.4310,1.4465,1296242,0.009645,0.019045,-0.009400,48.90,16.23,16.21,1.4699,1.4050,0.0234,0.0415,30,0,0
01/15/2010,16:00,1.4464,1.4631,1.4388,1.4437,1207570,0.007567,0.016750,-0.009183,48.07,17.10,15.14,1.4654,1.4082,0.0217,0.0355,31,0,0
01/22/2010,16:00,1.4442,1.4467,1.4081,1.4187,1326248,0.003858,0.014171,-0.010313,41.37,15.88,16.40,1.4577,1.4106,0.0390,0.0081,32,0,0
01/29/2010,16:00,1.4201,1.4247,1.3912,1.3912,1570058,-0.001286,0.011080,-0.012366,35.51,8.26,13.75,1.4477,1.4126,0.0565,0.0214,33,0,0
02/05/2010,16:00,1.3914,1.4080,1.3638,1.3738,1710500,-0.006689,0.007526,-0.014215,32.38,5.22,9.79,1.4349,1.4144,0.0611,0.0406,34,0,0
02/12/2010,16:00,1.3711,1.3894,1.3585,1.3674,1686232,-0.011357,0.003749,-0.015106,31.29,4.25,5.91,1.4226,1.4163,0.0552,0.0489,35,0,0
02/19/2010,16:00,1.3655,1.3843,1.3496,1.3661,1303392,-0.014988,0.000002,-0.014990,31.06,7.28,5.58,1.4125,1.4183,0.0464,0.0522,0,1,0
02/26/2010,16:00,1.3671,1.3746,1.3505,1.3686,1696231,-0.017463,-0.003491,-0.013972,32.09,8.88,6.80,1.4055,1.4197,0.0369,0.0511,0,2,0
03/05/2010,16:00,1.3678,1.3791,1.3487,1.3678,1759363,-0.019267,-0.006646,-0.012620,31.92,10.71,8.96,1.3982,1.4198,0.0304,0.0520,0,3,0
03/12/2010,16:00,1.3695,1.3852,1.3591,1.3826,657076,-0.019280,-0.009173,-0.010107,38.23,14.80,11.46,1.3926,1.4208,0.0100,0.0382,0,4,0
03/19/2010,16:00,1.3818,1.3875,1.3559,1.3585,1364923,-0.020993,-0.011537,-0.009456,32.89,14.21,13.24,1.3838,1.4209,0.0253,0.0624,0,5,0
03/26/2010,16:00,1.3587,1.3626,1.3322,1.3465,1764255,-0.023053,-0.013840,-0.009213,30.60,14.41,14.47,1.3741,1.4214,0.0276,0.0749,0,6,0
04/02/2010,16:00,1.3523,1.3649,1.3441,1.3648,1228064,-0.022944,-0.015661,-0.007283,37.72,14.65,14.42,1.3687,1.4226,0.0039,0.0578,0,7,0
04/09/2010,16:00,1.3548,1.3595,1.3339,1.3562,1423699,-0.023284,-0.017185,-0.006098,35.86,18.05,15.70,1.3652,1.4231,0.0090,0.0669,0,8,0
04/16/2010,16:00,1.3684,1.3750,1.3530,1.3556,1507250,-0.023332,-0.018415,-0.004918,35.73,20.37,17.69,1.3634,1.4236,0.0078,0.0680,0,9,0
04/23/2010,16:00,1.3536,1.3581,1.3258,1.3441,1673141,-0.024022,-0.019536,-0.004486,33.19,17.17,18.53,1.3611,1.4231,0.0170,0.0790,0,10,0
04/30/2010,16:00,1.3406,1.3471,1.3173,1.3355,2161326,-0.024974,-0.020624,-0.004351,31.40,16.68,18.07,1.3580,1.4228,0.0225,0.0873,0,11,0
05/07/2010,16:00,1.3389,1.3391,1.2581,1.2821,2790150,-0.029696,-0.022438,-0.007258,23.07,16.00,16.61,1.3494,1.4204,0.0673,0.1383,0,12,0
05/14/2010,16:00,1.2978,1.3153,1.2411,1.2425,2096278,-0.036216,-0.025194,-0.011022,19.03,10.75,14.47,1.3368,1.4168,0.0943,0.1743,0,13,0
05/21/2010,16:00,1.2409,1.2730,1.2196,1.2624,2716667,-0.039324,-0.028020,-0.011304,26.03,14.63,13.79,1.3248,1.4140,0.0624,0.1516,0,14,0
05/28/2010,16:00,1.2606,1.2621,1.2211,1.2328,1880785,-0.043672,-0.031150,-0.012522,22.87,11.86,12.41,1.3122,1.4106,0.0794,0.1778,0,15,0
06/04/2010,16:00,1.2339,1.2413,1.2011,1.2027,1732990,-0.048982,-0.034716,-0.014265,20.18,11.03,12.51,1.2979,1.4067,0.0952,0.2040,0,16,0
06/11/2010,16:00,1.2008,1.2211,1.1931,1.2169,755243,-0.051451,-0.038063,-0.013388,24.68,7.03,9.97,1.2831,1.4028,0.0662,0.1859,0,17,0
06/18/2010,16:00,1.2175,1.2473,1.2171,1.2447,1399756,-0.050582,-0.040567,-0.010015,32.68,13.39,10.48,1.2719,1.3996,0.0272,0.1549,0,18,0
06/25/2010,16:00,1.2486,1.2524,1.2263,1.2440,1495326,-0.049380,-0.042330,-0.007050,32.58,22.13,14.18,1.2608,1.3965,0.0168,0.1525,0,19,0
07/02/2010,16:00,1.2431,1.2664,1.2204,1.2601,1687144,-0.046591,-0.043182,-0.003409,37.06,30.37,21.96,1.2524,1.3934,0.0077,0.1333,0,20,0
07/09/2010,16:00,1.2588,1.2772,1.2530,1.2688,1145187,-0.043182,-0.043182,0.000000,39.40,35.48,29.32,1.2457,1.3902,0.0231,0.1214,0,21,0
07/16/2010,16:00,1.2687,1.3053,1.2571,1.2972,1408382,-0.037753,-0.042096,0.004343,46.41,45.23,37.02,1.2472,1.3876,0.0500,0.0904,0,22,0
07/23/2010,16:00,1.2953,1.3076,1.2778,1.2954,1417206,-0.033212,-0.040319,0.007107,46.05,53.35,44.68,1.2525,1.3850,0.0429,0.0896,0,23,0
07/30/2010,16:00,1.2943,1.3153,1.2923,1.3095,1263400,-0.028152,-0.037886,0.009734,49.39,64.44,54.34,1.2572,1.3827,0.0523,0.0732,0,24,0
08/06/2010,16:00,1.3107,1.3380,1.3101,1.3329,1286393,-0.022000,-0.034709,0.012709,54.44,77.10,64.96,1.2672,1.3806,0.0657,0.0477,0,25,0
08/13/2010,16:00,1.3331,1.3354,1.2796,1.2798,1532811,-0.021165,-0.032000,0.010835,43.77,77.07,72.87,1.2749,1.3775,0.0049,0.0977,0,26,0
08/20/2010,16:00,1.2810,1.2969,1.2710,1.2761,1474394,-0.020565,-0.029713,0.009148,43.14,71.02,75.06,1.2808,1.3743,0.0047,0.0982,0,27,0
08/27/2010,16:00,1.2755,1.2827,1.2634,1.2808,1605616,-0.019485,-0.027667,0.008182,44.24,59.21,69.10,1.2845,1.3707,0.0037,0.0899,0,28,0
09/03/2010,16:00,1.2812,1.2944,1.2670,1.2940,1313505,-0.017364,-0.025607,0.008242,47.34,62.48,64.24,1.2895,1.3670,0.0045,0.0730,0,29,0
09/10/2010,16:00,1.2923,1.2966,1.2692,1.2731,945582,-0.017172,-0.023920,0.006748,43.24,61.79,61.16,1.2908,1.3630,0.0177,0.0899,0,30,0
09/17/2010,16:00,1.2755,1.3207,1.2752,1.3099,1721380,-0.013890,-0.021914,0.008024,51.24,66.64,63.64,1.2949,1.3600,0.0150,0.0501,0,31,0
09/24/2010,16:00,1.3097,1.3546,1.3077,1.3542,1633138,-0.007627,-0.019057,0.011430,58.77,76.65,68.36,1.3006,1.3575,0.0536,0.0033,0,32,0
10/01/2010,16:00,1.3536,1.3838,1.3429,1.3834,1730197,-0.000303,-0.015306,0.015003,62.85,93.09,78.80,1.3094,1.3553,0.0740,0.0281,0,33,0
10/08/2010,16:00,1.3836,1.4074,1.3684,1.3976,1832155,0.006571,-0.010931,0.017501,64.67,97.65,89.13,1.3182,1.3532,0.0794,0.0444,0,34,0
10/15/2010,16:00,1.4045,1.4208,1.3820,1.4022,1680968,0.012249,-0.006295,0.018543,65.27,94.02,94.92,1.3251,1.3517,0.0771,0.0505,0,35,0
10/22/2010,16:00,1.4016,1.4094,1.3740,1.3995,1924530,0.016342,-0.001767,0.018109,64.58,89.55,93.74,1.3371,1.3499,0.0624,0.0496,0,36,0
10/29/2010,16:00,1.3994,1.4124,1.3778,1.3991,1703708,0.019331,0.002452,0.016879,64.47,87.13,90.23,1.3494,1.3479,0.0497,0.0512,1,0,0
11/05/2010,16:00,1.4013,1.4328,1.3908,1.4081,1880112,0.022170,0.006396,0.015774,65.86,86.02,87.56,1.3621,1.3463,0.0460,0.0618,2,0,0
11/12/2010,16:00,1.4102,1.4131,1.3621,1.3739,2104607,0.021414,0.009400,0.012015,56.77,78.78,83.97,1.3701,1.3437,0.0038,0.0302,3,0,0
11/19/2010,16:00,1.3729,1.3799,1.3496,1.3721,1733222,0.020434,0.011606,0.008828,56.33,71.61,78.80,1.3800,1.3414,0.0079,0.0307,4,0,0
11/26/2010,16:00,1.3795,1.3837,1.3252,1.3293,1554465,0.016019,0.012489,0.003530,46.99,56.10,68.83,1.3819,1.3386,0.0526,0.0093,5,0,0
12/03/2010,16:00,1.3325,1.3490,1.3020,1.3473,2317565,0.013813,0.012754,0.001059,50.69,50.52,59.41,1.3812,1.3368,0.0339,0.0105,6,0,0
12/10/2010,16:00,1.3465,1.3478,1.3222,1.3290,567302,0.010468,0.012297,-0.001829,47.09,41.30,49.30,1.3758,1.3345,0.0468,0.0055,7,0,0
12/17/2010,16:00,1.3264,1.3558,1.3194,1.3251,1641056,0.007416,0.011321,-0.003904,46.33,39.01,43.61,1.3686,1.3323,0.0435,0.0072,8,0,0
12/24/2010,16:00,1.3228,1.3264,1.3115,1.3175,861656,0.004335,0.009923,-0.005589,44.82,27.70,36.00,1.3601,1.3297,0.0426,0.0122,9,0,0
12/31/2010,16:00,1.3174,1.3488,1.3133,1.3423,723111,0.003850,0.008709,-0.004859,50.49,25.21,30.64,1.3544,1.3277,0.0121,0.0146,10,0,0
01/07/2011,16:00,1.3409,1.3496,1.2966,1.2970,1728939,-0.000188,0.006929,-0.007117,42.00,14.13,22.35,1.3442,1.3252,0.0472,0.0282,11,0,0
01/14/2011,16:00,1.2958,1.3518,1.2935,1.3438,1963291,0.000384,0.005620,-0.005236,51.14,22.40,20.58,1.3377,1.3243,0.0061,0.0195,12,0,0
01/21/2011,16:00,1.3339,1.3687,1.3299,1.3682,1623738,0.002774,0.005051,-0.002277,55.11,30.23,22.25,1.3372,1.3242,0.0310,0.0440,13,0,0
01/28/2011,16:00,1.3667,1.3818,1.3598,1.3673,1739925,0.004543,0.004949,-0.000406,54.94,47.57,33.40,1.3367,1.3242,0.0306,0.0431,14,0,0
02/04/2011,16:00,1.3640,1.3921,1.3603,1.3647,1759826,0.005670,0.005094,0.000577,54.39,52.57,43.46,1.3402,1.3242,0.0245,0.0405,15,0,0
02/11/2011,16:00,1.3633,1.3804,1.3557,1.3612,1682594,0.006209,0.005317,0.000893,53.62,53.42,51.19,1.3416,1.3240,0.0196,0.0372,16,0,0
02/18/2011,16:00,1.3590,1.3779,1.3489,1.3756,1677643,0.007710,0.005795,0.001914,56.36,61.82,55.94,1.3463,1.3242,0.0293,0.0514,17,0,0
02/25/2011,16:00,1.3735,1.3902,1.3588,1.3806,1367043,0.009196,0.006475,0.002721,57.30,74.78,63.34,1.3518,1.3241,0.0288,0.0565,18,0,0
03/04/2011,16:00,1.3810,1.4072,1.3775,1.4050,1661498,0.012202,0.007621,0.004582,61.66,90.29,75.63,1.3606,1.3250,0.0444,0.0800,19,0,0
03/11/2011,16:00,1.4053,1.4096,1.3815,1.3951,745976,0.013629,0.008823,0.004806,59.03,91.41,85.49,1.3658,1.3260,0.0293,0.0691,20,0,0
03/18/2011,16:00,1.4030,1.4249,1.3918,1.4219,1624673,0.016729,0.010404,0.006325,63.56,94.55,92.08,1.3783,1.3272,0.0436,0.0947,21,0,0
03/25/2011,16:00,1.4241,1.4311,1.4117,1.4133,1291715,0.018282,0.011979,0.006302,61.22,90.83,92.26,1.3853,1.3283,0.0280,0.0850,22,0,0
04/01/2011,16:00,1.4111,1.4309,1.4082,1.4298,1523294,0.020606,0.013705,0.006901,63.96,94.56,93.31,1.3914,1.3298,0.0384,0.1000,23,0,0
04/08/2011,16:00,1.4299,1.4550,1.4213,1.4496,1371249,0.023771,0.015718,0.008053,66.98,94.39,93.26,1.3997,1.3319,0.0499,0.1177,24,0,0
04/15/2011,16:00,1.4513,1.4582,1.4427,1.4498,1297771,0.025996,0.017774,0.008223,67.01,96.74,95.23,1.4082,1.3342,0.0416,0.1156,25,0,0
04/22/2011,16:00,1.4481,1.4713,1.4219,1.4606,1254530,0.028305,0.019880,0.008425,68.66,94.76,95.30,1.4181,1.3378,0.0425,0.1228,26,0,0
04/29/2011,16:00,1.4629,1.4946,1.4558,1.4902,1117332,0.032152,0.022334,0.009818,72.71,94.80,95.43,1.4296,1.3427,0.0606,0.1475,27,0,0
05/06/2011,16:00,1.4892,1.5007,1.4376,1.4405,1928986,0.030836,0.024035,0.006801,58.95,82.84,90.80,1.4356,1.3463,0.0049,0.0942,28,0,0
05/13/2011,16:00,1.4433,1.4512,1.4138,1.4182,1826418,0.027674,0.024762,0.002911,54.01,67.26,81.63,1.4369,1.3500,0.0187,0.0682,29,0,0
05/20/2011,16:00,1.4153,1.4421,1.4120,1.4280,1719117,0.025663,0.024943,0.000720,55.76,52.70,67.60,1.4402,1.3545,0.0122,0.0735,30,0,0
05/27/2011,16:00,1.4212,1.4382,1.4045,1.4350,1804323,0.024353,0.024825,-0.000471,57.02,50.42,56.79,1.4415,1.3588,0.0065,0.0762,31,0,0
06/03/2011,16:00,1.4362,1.4723,1.4336,1.4704,1407253,0.025874,0.025035,0.000839,62.80,59.53,54.22,1.4472,1.3634,0.0232,0.1070,32,0,0
06/10/2011,16:00,1.4710,1.4772,1.4401,1.4432,696211,0.024600,0.024948,-0.000347,56.51,60.06,56.67,1.4485,1.3673,0.0053,0.0759,33,0,0
06/17/2011,16:00,1.4412,1.4576,1.4159,1.4396,1588490,0.023035,0.024565,-0.001530,55.72,57.61,59.07,1.4475,1.3709,0.0079,0.0687,34,0,0
06/24/2011,16:00,1.4357,1.4527,1.4213,1.4258,1498328,0.020445,0.023741,-0.003296,52.66,40.33,52.67,1.4451,1.3741,0.0193,0.0517,35,0,0
07/01/2011,16:00,1.4275,1.4640,1.4190,1.4598,1545914,0.020896,0.023172,-0.002276,58.68,41.29,46.41,1.4451,1.3773,0.0147,0.0825,36,0,0
07/08/2011,16:00,1.4632,1.4667,1.4296,1.4334,1328432,0.018904,0.022319,-0.003414,53.04,36.56,39.39,1.4394,1.3801,0.0060,0.0533,37,0,0
07/15/2011,16:00,1.4312,1.4376,1.3931,1.4228,2090247,0.016283,0.021111,-0.004828,50.92,37.97,38.60,1.4376,1.3824,0.0148,0.0404,38,0,0
07/22/2011,16:00,1.4220,1.4534,1.4108,1.4464,1710294,0.015927,0.020075,-0.004148,55.21,35.93,36.82,1.4404,1.3846,0.0060,0.0618,39,0,0
07/29/2011,16:00,1.4500,1.4634,1.4332,1.4504,1520850,0.015785,0.019217,-0.003432,55.91,43.46,39.12,1.4427,1.3880,0.0077,0.0624,40,0,0
08/05/2011,16:00,1.4459,1.4558,1.4161,1.4370,2273116,0.014425,0.018258,-0.003833,52.92,47.86,42.42,1.4429,1.3913,0.0059,0.0457,41,0,0
08/12/2011,16:00,1.4469,1.4515,1.4218,1.4358,2137725,0.013099,0.017226,-0.004127,52.64,48.08,46.47,1.4394,1.3944,0.0036,0.0414,42,0,0
08/19/2011,16:00,1.4376,1.4632,1.4373,1.4502,1583445,0.013060,0.016393,-0.003333,55.59,52.10,49.35,1.4401,1.3975,0.0101,0.0527,43,0,0
08/26/2011,16:00,1.4492,1.4620,1.4442,1.4600,1388591,0.013663,0.015847,-0.002185,57.53,66.07,55.42,1.4422,1.4012,0.0178,0.0588,44,0,0
09/02/2011,16:00,1.4610,1.4673,1.4300,1.4304,1207220,0.011617,0.015001,-0.003384,50.38,63.93,60.70,1.4426,1.4036,0.0122,0.0268,45,0,0
09/09/2011,16:00,1.4211,1.4403,1.3745,1.3778,1743001,0.005687,0.013138,-0.007451,40.70,39.68,56.56,1.4344,1.4041,0.0566,0.0263,46,0,0
09/16/2011,16:00,1.3692,1.4045,1.3620,1.3903,928005,0.001973,0.010905,-0.008933,43.48,23.59,42.40,1.4301,1.4042,0.0398,0.0139,47,0,0
09/23/2011,16:00,1.3792,1.3911,1.3500,1.3575,1795075,-0.003576,0.008009,-0.011585,38.39,12.02,25.10,1.4236,1.4034,0.0661,0.0459,48,0,0
09/30/2011,16:00,1.3621,1.3804,1.3477,1.3535,1679589,-0.008202,0.004767,-0.012969,37.81,12.16,15.92,1.4143,1.4025,0.0608,0.0490,49,0,0
10/07/2011,16:00,1.3473,1.3638,1.3262,1.3501,1930630,-0.012004,0.001412,-0.013417,37.30,9.84,11.34,1.4043,1.4015,0.0542,0.0514,50,0,0
10/14/2011,16:00,1.3502,1.4005,1.3491,1.3990,1448572,-0.010945,-0.001059,-0.009886,48.25,25.51,15.84,1.4005,1.4015,0.0015,0.0025,0,1,0
10/21/2011,16:00,1.3991,1.4025,1.3765,1.3979,1631948,-0.010079,-0.002863,-0.007216,48.04,39.78,25.04,1.3967,1.4013,0.0012,0.0034,0,2,0
10/28/2011,16:00,1.3981,1.4361,1.3912,1.4268,1642514,-0.006979,-0.003686,-0.003293,53.58,57.90,41.07,1.3943,1.4023,0.0325,0.0245,0,3,0
11/04/2011,16:00,1.4266,1.4286,1.3724,1.3893,1842942,-0.007463,-0.004442,-0.003022,46.64,55.61,51.10,1.3873,1.4027,0.0020,0.0134,0,4,0
11/11/2011,16:00,1.3936,1.3977,1.3604,1.3868,1537845,-0.007957,-0.005145,-0.002812,46.21,52.99,55.50,1.3829,1.4038,0.0039,0.0170,0,5,0
11/18/2011,16:00,1.3895,1.3914,1.3540,1.3633,1401285,-0.010127,-0.006141,-0.003986,42.26,37.99,48.86,1.3814,1.4041,0.0181,0.0408,0,6,0
11/25/2011,16:00,1.3642,1.3689,1.3332,1.3359,1167980,-0.013898,-0.007692,-0.006205,38.17,25.37,38.78,1.3760,1.4043,0.0401,0.0684,0,7,0
12/02/2011,16:00,1.3435,1.3670,1.3380,1.3524,1556489,-0.015378,-0.009230,-0.006148,41.82,17.25,26.87,1.3755,1.4048,0.0231,0.0524,0,8,0
12/09/2011,16:00,1.3527,1.3607,1.3401,1.3491,1403175,-0.016625,-0.010709,-0.005916,41.30,14.84,19.15,1.3751,1.4055,0.0260,0.0564,0,9,0
12/16/2011,16:00,1.3479,1.3495,1.3074,1.3146,758371,-0.020165,-0.012600,-0.007565,36.18,14.67,15.58,1.3715,1.4049,0.0569,0.0903,0,10,0
12/23/2011,16:00,1.3156,1.3333,1.3102,1.3180,809489,-0.022438,-0.014567,-0.007870,37.01,10.96,13.49,1.3634,1.4053,0.0454,0.0873,0,11,0
12/30/2011,16:00,1.3198,1.3206,1.2978,1.3075,471868,-0.024800,-0.016614,-0.008186,35.48,6.95,10.86,1.3544,1.4046,0.0469,0.0971,0,12,0
01/06/2012,16:00,1.3156,1.3194,1.2812,1.2838,846587,-0.028259,-0.018943,-0.009316,32.24,5.43,7.78,1.3401,1.4029,0.0563,0.1191,0,13,0
01/13/2012,16:00,1.2809,1.2993,1.2736,1.2781,1412242,-0.031101,-0.021375,-0.009727,31.49,3.69,5.35,1.3289,1.4011,0.0508,0.1230,0,14,0
01/20/2012,16:00,1.2751,1.3098,1.2737,1.3034,1253642,-0.030956,-0.023291,-0.007665,38.31,7.69,5.60,1.3206,1.3999,0.0172,0.0965,0,15,0
01/27/2012,16:00,1.2994,1.3346,1.2989,1.3316,1555259,-0.028239,-0.024280,-0.003959,44.89,18.93,10.10,1.3174,1.3993,0.0142,0.0677,0,16,0
02/03/2012,16:00,1.3327,1.3333,1.3136,1.3263,1536132,-0.026212,-0.024667,-0.001545,43.94,29.27,18.63,1.3165,1.3983,0.0098,0.0720,0,17,0
02/10/2012,16:00,1.3232,1.3434,1.3137,1.3281,1494943,-0.024181,-0.024570,0.000388,44.37,37.41,28.54,1.3140,1.3973,0.0141,0.0692,0,18,0
02/17/2012,16:00,1.3346,1.3394,1.3084,1.3268,1402815,-0.022419,-0.024139,0.001721,44.11,40.41,35.70,1.3118,1.3957,0.0150,0.0689,0,19,0
02/24/2012,16:00,1.3315,1.3597,1.3291,1.3569,1206654,-0.018381,-0.022988,0.004607,51.31,56.64,44.82,1.3160,1.3949,0.0409,0.0380,0,20,0
03/02/2012,16:00,1.3569,1.3596,1.3297,1.3315,1361680,-0.017034,-0.021797,0.004763,45.93,63.43,53.49,1.3174,1.3931,0.0141,0.0616,0,21,0
03/09/2012,16:00,1.3309,1.3401,1.3205,1.3216,1348197,-0.016575,-0.020753,0.004178,44.00,68.60,62.89,1.3188,1.3913,0.0028,0.0697,0,22,0
03/16/2012,16:00,1.3223,1.3298,1.3108,1.3278,686766,-0.015531,-0.019708,0.004177,45.55,60.05,64.03,1.3232,1.3893,0.0046,0.0615,0,23,0
03/23/2012,16:00,1.3284,1.3399,1.3239,1.3369,1163546,-0.013811,-0.018529,0.004718,47.83,63.83,64.16,1.3291,1.3870,0.0078,0.0501,0,24,0
03/30/2012,16:00,1.3370,1.3490,1.3296,1.3448,1146546,-0.011675,-0.017158,0.005483,49.79,73.05,65.64,1.3332,1.3849,0.0116,0.0401,0,25,0
04/06/2012,16:00,1.3464,1.3486,1.3139,1.3186,1100947,-0.011959,-0.016118,0.004159,43.89,69.49,68.79,1.3319,1.3821,0.0133,0.0635,0,26,0
04/13/2012,16:00,1.3200,1.3317,1.3136,1.3182,1140373,-0.012077,-0.015310,0.003233,43.80,62.25,68.27,1.3311,1.3786,0.0129,0.0604,0,27,0
04/20/2012,16:00,1.3174,1.3331,1.3099,1.3318,1320330,-0.010947,-0.014437,0.003490,47.54,57.20,62.98,1.3315,1.3764,0.0003,0.0446,0,28,0
04/27/2012,16:00,1.3293,1.3372,1.3206,1.3361,1148415,-0.009594,-0.013469,0.003875,48.70,60.07,59.84,1.3324,1.3748,0.0037,0.0387,0,29,0
05/04/2012,16:00,1.3346,1.3386,1.3181,1.3188,1040697,-0.009804,-0.012736,0.002931,44.44,53.36,56.88,1.3286,1.3726,0.0098,0.0538,0,30,0
05/11/2012,16:00,1.3129,1.3167,1.3005,1.3023,1310272,-0.011174,-0.012423,0.001250,40.77,28.84,47.42,1.3257,1.3700,0.0234,0.0677,0,31,0
05/18/2012,16:00,1.2984,1.3006,1.2743,1.2838,1619508,-0.013595,-0.012658,-0.000937,37.08,11.08,31.09,1.3219,1.3662,0.0381,0.0824,0,32,0
05/25/2012,16:00,1.2876,1.2925,1.2595,1.2617,1541614,-0.017100,-0.013546,-0.003554,33.21,5.51,15.14,1.3153,1.3626,0.0536,0.1009,0,33,0
06/01/2012,16:00,1.2669,1.2724,1.2387,1.2512,1584300,-0.020489,-0.014935,-0.005554,31.52,7.90,8.16,1.3067,1.3588,0.0555,0.1076,0,34,0
06/08/2012,16:00,1.2534,1.2726,1.2485,1.2606,1527448,-0.022161,-0.016380,-0.005781,34.72,11.04,8.15,1.2983,1.3555,0.0377,0.0949,0,35,0
06/15/2012,16:00,1.2739,1.2762,1.2537,1.2729,743618,-0.022237,-0.017551,-0.004686,38.74,20.09,13.01,1.2937,1.3518,0.0208,0.0789,0,36,0
06/22/2012,16:00,1.2836,1.2841,1.2610,1.2654,1542547,-0.022642,-0.018569,-0.004072,37.23,25.02,18.72,1.2885,1.3484,0.0231,0.0830,0,37,0
06/29/2012,16:00,1.2646,1.2785,1.2499,1.2752,1352466,-0.021919,-0.019239,-0.002679,40.49,29.43,24.85,1.2828,1.3455,0.0076,0.0703,0,38,0
07/06/2012,16:00,1.2760,1.2764,1.2353,1.2365,1103741,-0.024190,-0.020229,-0.003960,33.17,19.29,24.58,1.2728,1.3413,0.0363,0.1048,0,39,0
07/13/2012,16:00,1.2362,1.2427,1.2253,1.2333,1106713,-0.025949,-0.021373,-0.004575,32.64,13.56,20.76,1.2643,1.3369,0.0310,0.1036,0,40,0
07/20/2012,16:00,1.2338,1.2417,1.2235,1.2250,1192672,-0.027693,-0.022637,-0.005056,31.26,3.13,11.99,1.2566,1.3327,0.0316,0.1077,0,41,0
07/27/2012,16:00,1.2214,1.2479,1.2133,1.2399,1493160,-0.027556,-0.023621,-0.003935,36.47,10.21,8.97,1.2522,1.3288,0.0123,0.0889,0,42,0
08/03/2012,16:00,1.2392,1.2495,1.2222,1.2464,1393679,-0.026615,-0.024220,-0.002396,38.65,16.74,10.02,1.2506,1.3247,0.0042,0.0783,0,43,0
08/10/2012,16:00,1.2480,1.2532,1.2327,1.2379,925287,-0.026253,-0.024626,-0.001627,36.86,23.81,16.92,1.2493,1.3203,0.0114,0.0824,0,44,0
08/17/2012,16:00,1.2374,1.2472,1.2340,1.2406,949464,-0.025455,-0.024792,-0.000663,37.85,26.90,22.48,1.2473,1.3165,0.0067,0.0759,0,45,0
08/24/2012,16:00,1.2424,1.2675,1.2380,1.2603,1175460,-0.022968,-0.024427,0.001459,44.61,36.64,29.12,1.2460,1.3141,0.0143,0.0538,0,46,0
08/31/2012,16:00,1.2594,1.2722,1.2549,1.2664,996500,-0.020272,-0.023596,0.003325,46.55,53.69,39.08,1.2461,1.3116,0.0203,0.0452,0,47,0
09/07/2012,16:00,1.2663,1.2902,1.2585,1.2880,1220108,-0.016205,-0.022118,0.005913,52.85,77.04,55.79,1.2474,1.3103,0.0406,0.0223,0,48,0
09/14/2012,16:00,1.2891,1.3250,1.2839,1.3199,725675,-0.010289,-0.019752,0.009463,60.29,90.36,73.70,1.2558,1.3096,0.0641,0.0103,0,49,0
09/21/2012,16:00,1.3206,1.3254,1.3001,1.3072,1286757,-0.006550,-0.017112,0.010562,56.47,91.52,86.31,1.2632,1.3087,0.0440,0.0015,0,50,0
09/28/2012,16:00,1.3059,1.3062,1.2910,1.2933,1304346,-0.004655,-0.014620,0.009966,52.54,83.51,88.46,1.2700,1.3066,0.0233,0.0133,0,51,0
10/05/2012,16:00,1.2929,1.3151,1.2884,1.3113,1299073,-0.001681,-0.012032,0.010352,56.73,80.85,85.29,1.2771,1.3049,0.0342,0.0064,0,52,0
10/12/2012,16:00,1.3104,1.3105,1.2904,1.3036,1111885,0.000054,-0.009615,0.009669,54.52,79.78,81.38,1.2828,1.3024,0.0208,0.0012,0,53,0
10/19/2012,16:00,1.3034,1.3218,1.2969,1.3101,1159859,0.001931,-0.007306,0.009237,56.08,84.78,81.80,1.2901,1.3008,0.0200,0.0093,0,54,0
10/26/2012,16:00,1.3105,1.3161,1.2958,1.3010,1167684,0.002654,-0.005314,0.007968,53.32,81.71,82.09,1.2961,1.2991,0.0049,0.0019,0,55,0
11/02/2012,16:00,1.3021,1.3098,1.2897,1.2902,920730,0.002328,-0.003786,0.006114,50.16,77.12,81.20,1.2991,1.2977,0.0089,0.0075,1,0,0
11/09/2012,16:00,1.2897,1.2952,1.2764,1.2787,1400252,0.001129,-0.002803,0.003932,46.97,65.49,74.77,1.3003,1.2965,0.0216,0.0178,2,0,0
11/16/2012,16:00,1.2790,1.2878,1.2736,1.2801,1224713,0.000289,-0.002184,0.002473,47.41,55.73,66.11,1.2995,1.2951,0.0194,0.0150,3,0,0
11/23/2012,16:00,1.2817,1.3065,1.2810,1.3059,1000706,0.001685,-0.001410,0.003095,54.82,58.93,60.05,1.2981,1.2942,0.0078,0.0117,4,0,0
11/30/2012,16:00,1.3045,1.3102,1.2952,1.3071,1172755,0.002855,-0.000557,0.003413,55.14,66.67,60.44,1.2981,1.2940,0.0090,0.0131,5,0,0
12/07/2012,16:00,1.3066,1.3201,1.2948,1.2999,1370082,0.003166,0.000187,0.002978,52.75,71.84,65.81,1.2988,1.2937,0.0011,0.0062,6,0,0
12/14/2012,16:00,1.2966,1.3244,1.2958,1.3229,530513,0.005207,0.001191,0.004016,58.88,75.53,71.35,1.2999,1.2940,0.0230,0.0289,7,0,0
12/21/2012,16:00,1.3244,1.3379,1.3214,1.3245,977279,0.006875,0.002328,0.004547,59.27,77.38,74.92,1.3020,1.2948,0.0225,0.0297,8,0,0
12/28/2012,16:00,1.3250,1.3353,1.3233,1.3289,399503,0.008455,0.003553,0.004901,60.40,86.20,79.70,1.3039,1.2958,0.0250,0.0331,9,0,0
01/04/2013,16:00,1.3283,1.3347,1.3063,1.3138,790017,0.008391,0.004521,0.003870,54.79,75.89,79.82,1.3052,1.2960,0.0086,0.0178,10,0,0
01/11/2013,16:00,1.3143,1.3431,1.3083,1.3404,1331005,0.010368,0.005690,0.004677,61.56,81.93,81.34,1.3102,1.2962,0.0302,0.0442,11,0,0
01/18/2013,16:00,1.3433,1.3471,1.3320,1.3383,1385128,0.011631,0.006878,0.004752,60.79,82.83,80.22,1.3162,1.2964,0.0221,0.0419,12,0,0
01/25/2013,16:00,1.3383,1.3543,1.3327,1.3527,1247585,0.013636,0.008230,0.005406,64.12,94.14,86.30,1.3234,1.2969,0.0293,0.0558,13,0,0
02/01/2013,16:00,1.3526,1.3773,1.3476,1.3723,1423197,0.016616,0.009907,0.006709,68.10,94.03,90.33,1.3301,1.2979,0.0422,0.0744,14,0,0
02/08/2013,16:00,1.3712,1.3716,1.3414,1.3424,1643345,0.016376,0.011201,0.005175,57.61,85.60,91.26,1.3336,1.2976,0.0088,0.0448,15,0,0
02/15/2013,16:00,1.3432,1.3581,1.3366,1.3416,1213594,0.015937,0.012148,0.003789,57.36,75.70,85.11,1.3378,1.2978,0.0038,0.0438,16,0,0
02/22/2013,16:00,1.3415,1.3495,1.3205,1.3239,1268065,0.014000,0.012518,0.001481,51.90,59.17,73.49,1.3379,1.2978,0.0140,0.0261,17,0,0
03/01/2013,16:00,1.3253,1.3379,1.3025,1.3078,1861663,0.011038,0.012222,-0.001184,47.47,43.86,59.58,1.3362,1.2974,0.0284,0.0104,18,0,0
03/08/2013,16:00,1.3074,1.3193,1.3013,1.3061,1051750,0.008456,0.011469,-0.003013,47.01,25.72,42.92,1.3339,1.2968,0.0278,0.0093,19,0,0
03/15/2013,16:00,1.3052,1.3159,1.2962,1.3106,583247,0.006696,0.010515,-0.003818,48.42,15.86,28.48,1.3336,1.2961,0.0230,0.0145,20,0,0
03/22/2013,16:00,1.2979,1.3063,1.2896,1.3035,1689770,0.004674,0.009347,-0.004672,46.33,15.89,19.16,1.3299,1.2958,0.0264,0.0077,21,0,0
03/29/2013,16:00,1.3019,1.3138,1.2802,1.2867,1221844,0.001697,0.007817,-0.006120,41.72,13.22,14.99,1.3248,1.2952,0.0381,0.0085,22,0,0
04/05/2013,16:00,1.2863,1.3091,1.2795,1.3063,1275691,0.000909,0.006435,-0.005526,48.19,16.70,15.27,1.3201,1.2947,0.0138,0.0116,23,0,0
04/12/2013,16:00,1.3043,1.3189,1.3019,1.3129,1126155,0.000807,0.005309,-0.004503,50.20,22.79,17.57,1.3142,1.2942,0.0013,0.0187,24,0,0
04/19/2013,16:00,1.3157,1.3252,1.3050,1.3110,1393696,0.000566,0.004361,-0.003794,49.60,31.25,23.58,1.3110,1.2940,0.0000,0.0170,25,0,0
04/26/2013,16:00,1.3117,1.3142,1.3003,1.3077,1184107,0.000108,0.003510,-0.003402,48.53,31.73,28.59,1.3076,1.2942,0.0001,0.0135,26,0,0
05/03/2013,16:00,1.3105,1.3292,1.3079,1.3157,1430401,0.000386,0.002886,-0.002499,51.29,32.69,31.89,1.3068,1.2948,0.0089,0.0209,27,0,0
05/10/2013,16:00,1.3165,1.3242,1.2982,1.3030,1136758,-0.000413,0.002226,-0.002639,46.98,30.55,31.66,1.3063,1.2956,0.0033,0.0074,28,0,0
05/17/2013,16:00,1.3023,1.3076,1.2842,1.2875,1314635,-0.002271,0.001326,-0.003598,42.31,25.21,29.48,1.3045,1.2963,0.0170,0.0088,29,0,0
05/24/2013,16:00,1.2892,1.3044,1.2866,1.2963,1416507,-0.002999,0.000461,-0.003461,45.61,20.07,25.28,1.3031,1.2971,0.0068,0.0008,30,0,0
05/31/2013,16:00,1.2978,1.3107,1.2883,1.3027,1215805,-0.003025,-0.000236,-0.002789,47.95,23.19,22.82,1.3030,1.2977,0.0003,0.0050,31,0,0
06/07/2013,16:00,1.3035,1.3351,1.3000,1.3268,1551110,-0.001088,-0.000407,-0.000682,55.67,47.45,30.23,1.3070,1.2989,0.0198,0.0279,32,0,0
06/14/2013,16:00,1.3254,1.3441,1.3227,1.3390,586663,0.001415,-0.000042,0.001457,58.99,72.79,47.81,1.3103,1.3002,0.0287,0.0388,33,0,0
06/21/2013,16:00,1.3400,1.3467,1.3147,1.3189,1273716,0.001756,0.000317,0.001439,52.08,78.01,66.08,1.3109,1.3018,0.0080,0.0171,34,0,0
06/28/2013,16:00,1.3156,1.3199,1.3031,1.3066,1296017,0.001023,0.000459,0.000564,48.34,63.32,71.37,1.3104,1.3033,0.0038,0.0033,35,0,0
07/05/2013,16:00,1.3057,1.3125,1.2851,1.2876,1121833,-0.001079,0.000151,-0.001230,43.19,37.00,59.45,1.3084,1.3045,0.0208,0.0169,36,0,0
07/12/2013,16:00,1.2870,1.3255,1.2798,1.3106,1364802,-0.000879,-0.000055,-0.000824,50.12,32.79,44.37,1.3079,1.3059,0.0027,0.0047,37,0,0
07/19/2013,16:00,1.3112,1.3228,1.3039,1.3182,974763,-0.000106,-0.000065,-0.000041,52.19,38.46,36.08,1.3094,1.3074,0.0088,0.0108,38,0,0
07/26/2013,16:00,1.3184,1.3343,1.3183,1.3322,948596,0.001618,0.000271,0.001346,55.84,60.59,43.94,1.3139,1.3093,0.0183,0.0229,39,0,0
08/02/2013,16:00,1.3327,1.3390,1.3230,1.3331,1182509,0.003022,0.000821,0.002200,56.07,71.80,56.95,1.3176,1.3111,0.0155,0.0220,40,0,0
08/09/2013,16:00,1.3329,1.3445,1.3277,1.3385,906860,0.004518,0.001561,0.002957,57.51,81.91,71.43,1.3211,1.3127,0.0174,0.0258,41,0,0
08/16/2013,16:00,1.3384,1.3425,1.3250,1.3380,1028559,0.005599,0.002368,0.003230,57.32,84.80,79.51,1.3223,1.3141,0.0157,0.0239,42,0,0
08/23/2013,16:00,1.3382,1.3497,1.3342,1.3427,996334,0.006757,0.003246,0.003511,58.69,88.27,84.99,1.3226,1.3152,0.0201,0.0275,43,0,0
08/30/2013,16:00,1.3426,1.3443,1.3216,1.3251,912589,0.006183,0.003833,0.002350,51.99,80.50,84.52,1.3233,1.3153,0.0018,0.0098,44,0,0
09/06/2013,16:00,1.3255,1.3270,1.3148,1.3225,731476,0.005455,0.004158,0.001298,51.06,71.96,80.24,1.3248,1.3156,0.0023,0.0069,45,0,0
09/13/2013,16:00,1.3218,1.3366,1.3208,1.3347,502950,0.005797,0.004486,0.001311,55.11,68.14,73.54,1.3296,1.3164,0.0051,0.0183,46,0,0
09/20/2013,16:00,1.3405,1.3610,1.3366,1.3561,888758,0.007705,0.005129,0.002576,61.17,78.69,72.93,1.3341,1.3173,0.0220,0.0388,47,0,0
09/27/2013,16:00,1.3576,1.3604,1.3501,1.3558,714882,0.009088,0.005921,0.003167,61.05,89.20,78.68,1.3379,1.3184,0.0179,0.0374,48,0,0
10/04/2013,16:00,1.3518,1.3686,1.3517,1.3595,894426,0.010364,0.006810,0.003554,62.07,92.36,86.75,1.3406,1.3194,0.0189,0.0401,49,0,0
10/11/2013,16:00,1.3600,1.3648,1.3525,1.3594,755856,0.011237,0.007695,0.003542,62.03,90.92,90.82,1.3432,1.3205,0.0162,0.0389,50,0,0
10/18/2013,16:00,1.3596,1.3744,1.3512,1.3718,886242,0.012782,0.008713,0.004070,65.55,91.58,91.62,1.3466,1.3222,0.0252,0.0496,51,0,0
10/25/2013,16:00,1.3723,1.3871,1.3690,1.3844,790737,0.014852,0.009941,0.004912,68.72,93.74,92.08,1.3512,1.3243,0.0332,0.0601,52,0,0
11/01/2013,16:00,1.3846,1.3856,1.3517,1.3530,1051699,0.013800,0.010713,0.003088,55.10,81.68,89.00,1.3522,1.3257,0.0008,0.0273,53,0,0
11/08/2013,16:00,1.3527,1.3586,1.3331,1.3393,1214557,0.011726,0.010915,0.000811,50.40,61.00,78.81,1.3536,1.3264,0.0143,0.0129,54,0,0
11/15/2013,16:00,1.3395,1.3544,1.3383,1.3527,914187,0.011036,0.010939,0.000096,54.49,46.38,63.02,1.3567,1.3273,0.0040,0.0254,55,0,0
11/22/2013,16:00,1.3530,1.3619,1.3437,1.3588,991790,0.010856,0.010923,-0.000067,56.25,49.05,52.14,1.3591,1.3285,0.0003,0.0303,56,0,0
11/29/2013,16:00,1.3591,1.3660,1.3527,1.3624,656768,0.010879,0.010914,-0.000035,57.31,59.70,51.71,1.3597,1.3293,0.0027,0.0331,57,0,0
12/06/2013,16:00,1.3625,1.3746,1.3561,1.3733,1117980,0.011642,0.011059,0.000582,60.41,69.20,59.32,1.3615,1.3303,0.0118,0.0430,58,0,0
12/13/2013,16:00,1.3750,1.3849,1.3733,1.3772,550429,0.012418,0.011331,0.001087,61.49,77.05,68.65,1.3632,1.3312,0.0140,0.0460,59,0,0
12/20/2013,16:00,1.3776,1.3885,1.3664,1.3711,881385,0.012398,0.011545,0.000854,58.79,78.81,75.02,1.3644,1.3324,0.0067,0.0387,60,0,0
12/27/2013,16:00,1.3709,1.3932,1.3693,1.3772,318261,0.012728,0.011781,0.000947,60.65,76.18,77.35,1.3649,1.3331,0.0123,0.0441,61,0,0
01/03/2014,16:00,1.3798,1.3858,1.3621,1.3637,490362,0.011765,0.011778,-0.000013,54.76,64.18,73.06,1.3629,1.3336,0.0008,0.0301,62,0,0
01/10/2014,16:00,1.3635,1.3726,1.3586,1.3699,1013857,0.011370,0.011696,-0.000326,56.83,61.84,67.40,1.3646,1.3340,0.0053,0.0359,63,0,0
01/17/2014,16:00,1.3705,1.3739,1.3554,1.3568,930989,0.009887,0.011334,-0.001448,51.46,50.53,58.85,1.3663,1.3337,0.0095,0.0231,64,0,0
01/24/2014,16:00,1.3569,1.3779,1.3545,1.3715,951304,0.009784,0.011024,-0.001240,56.44,54.85,55.74,1.3682,1.3342,0.0033,0.0373,65,0,0
01/31/2014,16:00,1.3720,1.3756,1.3518,1.3523,1168261,0.008061,0.010432,-0.002371,49.33,45.09,50.16,1.3675,1.3344,0.0152,0.0179,66,0,0
02/07/2014,16:00,1.3527,1.3685,1.3515,1.3667,1163870,0.007768,0.009899,-0.002131,54.01,50.58,50.18,1.3680,1.3353,0.0013,0.0314,67,0,0
02/14/2014,16:00,1.3663,1.3755,1.3601,1.3739,889604,0.008024,0.009524,-0.001500,56.19,50.49,48.72,1.3680,1.3366,0.0059,0.0373,68,0,0
02/21/2014,16:00,1.3741,1.3812,1.3719,1.3783,684802,0.008484,0.009316,-0.000832,57.51,63.10,54.72,1.3681,1.3381,0.0102,0.0402,69,0,0
02/28/2014,16:00,1.3778,1.3865,1.3682,1.3861,958982,0.009370,0.009327,0.000043,59.83,71.73,61.77,1.3696,1.3396,0.0165,0.0465,70,0,0
03/07/2014,16:00,1.3825,1.3954,1.3746,1.3911,851116,0.010356,0.009532,0.000824,61.29,80.53,71.79,1.3710,1.3413,0.0201,0.0498,71,0,0
03/14/2014,16:00,1.3913,1.4008,1.3874,1.3945,661587,0.011282,0.009882,0.001400,62.29,86.88,79.71,1.3741,1.3435,0.0204,0.0510,72,0,0
03/21/2014,16:00,1.3954,1.3989,1.3789,1.3834,828950,0.010993,0.010105,0.000889,57.09,80.35,82.59,1.3755,1.3450,0.0079,0.0384,73,0,0
03/28/2014,16:00,1.3840,1.3917,1.3744,1.3792,926066,0.010307,0.010145,0.000162,55.21,69.37,78.87,1.3777,1.3464,0.0015,0.0328,74,0,0
04/04/2014,16:00,1.3793,1.3860,1.3711,1.3742,958885,0.009253,0.009967,-0.000714,52.98,55.65,68.46,1.3780,1.3476,0.0038,0.0266,75,0,0
04/11/2014,16:00,1.3740,1.3945,1.3736,1.3927,668744,0.009797,0.009933,-0.000135,59.51,61.93,62.32,1.3820,1.3493,0.0107,0.0434,76,0,0
04/18/2014,16:00,1.3898,1.3906,1.3829,1.3859,497397,0.009570,0.009860,-0.000290,56.41,66.46,61.35,1.3839,1.3507,0.0020,0.0352,77,0,0
04/25/2014,16:00,1.3859,1.3896,1.3824,1.3876,558989,0.009418,0.009772,-0.000354,57.01,75.52,67.97,1.3853,1.3524,0.0023,0.0352,78,0,0
05/02/2014,16:00,1.3882,1.3930,1.3810,1.3912,815930,0.009479,0.009713,-0.000234,58.33,74.51,72.17,1.3866,1.3545,0.0046,0.0367,79,0,0
05/09/2014,16:00,1.3915,1.4035,1.3785,1.3787,967537,0.008422,0.009455,-0.001033,52.34,68.39,72.81,1.3858,1.3561,0.0071,0.0226,80,0,0
05/16/2014,16:00,1.3797,1.3815,1.3687,1.3739,813941,0.007114,0.008987,-0.001872,50.21,55.77,66.22,1.3841,1.3576,0.0102,0.0163,81,0,0
05/23/2014,16:00,1.3739,1.3776,1.3656,1.3668,665297,0.005443,0.008278,-0.002835,47.15,31.66,51.94,1.3814,1.3584,0.0146,0.0084,82,0,0
05/30/2014,16:00,1.3687,1.3710,1.3628,1.3676,575548,0.004135,0.007449,-0.003315,47.54,16.23,34.55,1.3798,1.3589,0.0122,0.0087,83,0,0
06/06/2014,16:00,1.3673,1.3719,1.3544,1.3689,1187584,0.003167,0.006593,-0.003426,48.20,16.05,21.31,1.3787,1.3599,0.0098,0.0090,84,0,0
06/13/2014,16:00,1.3689,1.3710,1.3556,1.3578,584119,0.001486,0.005571,-0.004085,43.17,16.34,16.21,1.3771,1.3610,0.0193,0.0032,85,0,0
06/20/2014,16:00,1.3584,1.3688,1.3557,1.3636,697533,0.000616,0.004580,-0.003964,46.33,18.40,16.93,1.3742,1.3625,0.0106,0.0011,86,0,0
06/27/2014,16:00,1.3637,1.3696,1.3617,1.3689,704885,0.000350,0.003734,-0.003385,49.10,18.40,17.71,1.3725,1.3636,0.0036,0.0053,87,0,0
07/04/2014,16:00,1.3689,1.3745,1.3639,1.3646,533732,-0.000206,0.002946,-0.003152,46.98,23.01,19.94,1.3702,1.3646,0.0056,0.0000,88,0,0
07/11/2014,16:00,1.3651,1.3694,1.3619,1.3652,623131,-0.000591,0.002239,-0.002830,47.32,24.10,21.84,1.3676,1.3652,0.0024,0.0000,89,0,0
07/18/2014,16:00,1.3651,1.3684,1.3533,1.3568,729984,-0.001556,0.001480,-0.003036,43.12,16.51,21.21,1.3654,1.3657,0.0086,0.0089,0,1,0
07/25/2014,16:00,1.3571,1.3592,1.3462,1.3473,702670,-0.003052,0.000573,-0.003626,38.91,9.83,16.81,1.3627,1.3659,0.0154,0.0186,0,2,0
08/01/2014,16:00,1.3474,1.3487,1.3409,1.3470,795076,-0.004214,-0.000384,-0.003830,38.79,6.29,10.88,1.3608,1.3661,0.0138,0.0191,0,3,0
08/08/2014,16:00,1.3470,1.3475,1.3375,1.3453,895504,-0.005211,-0.001350,-0.003862,38.02,8.07,8.06,1.3585,1.3661,0.0132,0.0208,0,4,0
08/15/2014,16:00,1.3449,1.3457,1.3378,1.3440,724271,-0.006037,-0.002287,-0.003750,37.41,11.82,8.73,1.3560,1.3665,0.0120,0.0225,0,5,0
08/22/2014,16:00,1.3434,1.3440,1.3262,1.3283,779768,-0.007868,-0.003403,-0.004465,30.96,10.16,10.02,1.3531,1.3666,0.0248,0.0383,0,6,0
08/29/2014,16:00,1.3248,1.3262,1.3174,1.3175,840789,-0.010074,-0.004737,-0.005337,27.45,5.70,9.23,1.3485,1.3663,0.0310,0.0488,0,7,0
09/05/2014,16:00,1.3170,1.3201,1.2961,1.2999,882428,-0.013092,-0.006408,-0.006683,22.90,3.21,6.36,1.3416,1.3651,0.0417,0.0652,0,8,0
09/12/2014,16:00,1.2995,1.3018,1.2900,1.2987,850913,-0.015402,-0.008207,-0.007195,22.62,5.73,4.88,1.3350,1.3640,0.0363,0.0653,0,9,0
09/19/2014,16:00,1.3006,1.3035,1.2864,1.2873,1116167,-0.017947,-0.010155,-0.007792,20.14,5.34,4.76,1.3272,1.3626,0.0399,0.0753,0,10,0
09/26/2014,16:00,1.2863,1.2937,1.2712,1.2718,1076682,-0.020972,-0.012318,-0.008654,17.35,3.70,4.92,1.3187,1.3608,0.0469,0.0890,0,11,0
10/03/2014,16:00,1.2717,1.2751,1.2535,1.2544,1412704,-0.024491,-0.014753,-0.009738,14.87,0.77,3.27,1.3094,1.3585,0.0550,0.1041,0,12,0
10/10/2014,16:00,1.2549,1.2826,1.2543,1.2648,1446803,-0.026140,-0.017030,-0.009110,22.06,3.76,2.74,1.3012,1.3561,0.0364,0.0913,0,13,0
10/17/2014,16:00,1.2663,1.2922,1.2659,1.2807,1506461,-0.025865,-0.018797,-0.007068,31.57,11.20,5.24,1.2947,1.3546,0.0140,0.0739,0,14,0
10/24/2014,16:00,1.2793,1.2874,1.2646,1.2697,897918,-0.026233,-0.020285,-0.005948,28.94,16.26,10.41,1.2873,1.3532,0.0176,0.0835,0,15,0
10/31/2014,16:00,1.2706,1.2804,1.2518,1.2559,1119249,-0.027323,-0.021692,-0.005631,26.01,14.96,14.14,1.2801,1.3513,0.0242,0.0954,0,16,0
11/07/2014,16:00,1.2544,1.2610,1.2390,1.2473,1373906,-0.028551,-0.023064,-0.005487,24.35,9.19,13.47,1.2730,1.3491,0.0257,0.1018,0,17,0
11/14/2014,16:00,1.2495,1.2579,1.2426,1.2557,1049937,-0.028518,-0.024155,-0.004364,29.10,9.32,11.16,1.2686,1.3469,0.0129,0.0912,0,18,0
11/21/2014,16:00,1.2550,1.2634,1.2406,1.2418,1237000,-0.029277,-0.025179,-0.004097,26.17,8.68,9.07,1.2629,1.3443,0.0211,0.1025,0,19,0
11/28/2014,16:00,1.2405,1.2563,1.2395,1.2465,850103,-0.029162,-0.025976,-0.003186,28.78,9.03,9.01,1.2589,1.3417,0.0124,0.0952,0,20,0
12/05/2014,16:00,1.2476,1.2538,1.2301,1.2318,1147617,-0.029912,-0.026763,-0.003149,25.72,4.25,7.32,1.2549,1.3389,0.0231,0.1071,0,21,0
12/12/2014,16:00,1.2317,1.2523,1.2275,1.2479,814057,-0.028875,-0.027185,-0.001690,34.00,11.69,8.33,1.2542,1.3363,0.0063,0.0884,0,22,0
12/19/2014,16:00,1.2500,1.2599,1.2249,1.2255,1220605,-0.029520,-0.027652,-0.001868,29.13,9.28,8.41,1.2503,1.3335,0.0248,0.1080,0,23,0
12/26/2014,16:00,1.2251,1.2301,1.2193,1.2205,278829,-0.030088,-0.028140,-0.001949,28.16,9.69,10.22,1.2443,1.3306,0.0238,0.1101,0,24,0
01/02/2015,16:00,1.2209,1.2250,1.2027,1.2033,445558,-0.031562,-0.028824,-0.002738,25.08,0.99,6.65,1.2376,1.3275,0.0343,0.1242,0,25,0
01/09/2015,16:00,1.1980,1.2005,1.1781,1.1868,1275603,-0.033674,-0.029794,-0.003880,22.52,3.78,4.82,1.2307,1.3238,0.0439,0.1370,0,26,0
01/16/2015,16:00,1.1890,1.1898,1.1487,1.1610,1613843,-0.037003,-0.031236,-0.005767,19.23,6.22,3.66,1.2221,1.3200,0.0611,0.1590,0,27,0
01/23/2015,16:00,1.1591,1.1707,1.1139,1.1271,1321232,-0.041893,-0.033367,-0.008526,15.93,7.93,5.98,1.2092,1.3152,0.0821,0.1881,0,28,0
01/30/2015,16:00,1.1172,1.1448,1.1122,1.1316,1158820,-0.044888,-0.035672,-0.009217,17.94,9.25,7.80,1.1982,1.3103,0.0666,0.1787,0,29,0
02/06/2015,16:00,1.1334,1.1559,1.1316,1.1343,1090110,-0.046508,-0.037839,-0.008669,19.19,11.10,9.43,1.1870,1.3054,0.0527,0.1711,0,30,0
02/13/2015,16:00,1.1339,1.1467,1.1295,1.1415,804930,-0.046673,-0.039606,-0.007067,22.58,15.04,11.80,1.1779,1.3006,0.0364,0.1591,0,31,0
02/20/2015,16:00,1.1422,1.1474,1.1301,1.1419,819883,-0.046238,-0.040932,-0.005306,22.77,17.88,14.67,1.1673,1.2956,0.0254,0.1537,0,32,0
02/27/2015,16:00,1.1402,1.1417,1.1197,1.1215,874146,-0.046998,-0.042145,-0.004853,20.02,15.17,16.03,1.1569,1.2901,0.0354,0.1686,0,33,0
03/06/2015,16:00,1.1203,1.1262,1.0860,1.0879,901621,-0.049738,-0.043664,-0.006074,16.49,8.65,13.90,1.1437,1.2842,0.0558,0.1963,0,34,0
03/13/2015,16:00,1.0856,1.0934,1.0487,1.0498,1088460,-0.054357,-0.045802,-0.008555,13.57,2.31,8.71,1.1283,1.2776,0.0785,0.2278,0,35,0
03/20/2015,16:00,1.0512,1.1025,1.0505,1.0837,1696110,-0.054653,-0.047572,-0.007080,26.12,6.37,5.78,1.1180,1.2718,0.0343,0.1881,0,36,0
03/27/2015,16:00,1.0891,1.1078,1.0794,1.0930,1538153,-0.053519,-0.048762,-0.004757,29.15,13.32,7.33,1.1112,1.2658,0.0182,0.1728,0,37,0
04/03/2015,16:00,1.0914,1.1052,1.0738,1.1014,996074,-0.051351,-0.049280,-0.002072,31.88,23.20,14.30,1.1087,1.2601,0.0073,0.1587,0,38,0
04/10/2015,16:00,1.1021,1.1061,1.0591,1.0627,1083045,-0.052155,-0.049855,-0.002300,26.77,21.79,19.43,1.1018,1.2536,0.0391,0.1909,0,39,0
04/17/2015,16:00,1.0617,1.0871,1.0543,1.0814,1546927,-0.050698,-0.050023,-0.000675,32.41,21.18,22.06,1.0965,1.2474,0.0151,0.1660,0,40,0
04/24/2015,16:00,1.0834,1.0921,1.0681,1.0889,1175991,-0.048381,-0.049695,0.001314,34.58,20.94,21.31,1.0912,1.2416,0.0023,0.1527,0,41,0
05/01/2015,16:00,1.0888,1.1311,1.0840,1.1212,1545404,-0.043437,-0.048443,0.005006,43.08,39.27,27.13,1.0891,1.2366,0.0321,0.1154,0,42,0
05/08/2015,16:00,1.1213,1.1412,1.1086,1.1224,1464933,-0.038974,-0.046549,0.007576,43.37,55.41,38.54,1.0892,1.2317,0.0332,0.1093,0,43,0
05/15/2015,16:00,1.1220,1.1486,1.1150,1.1483,1281533,-0.032966,-0.043833,0.010867,49.44,78.21,57.63,1.0953,1.2273,0.0530,0.0790,0,44,0
05/22/2015,16:00,1.1464,1.1466,1.1019,1.1057,1365041,-0.031282,-0.041323,0.010041,41.55,75.02,69.54,1.1009,1.2220,0.0048,0.1163,0,45,0
05/29/2015,16:00,1.1001,1.1027,1.0835,1.0997,1170899,-0.030084,-0.039075,0.008990,40.57,69.27,74.16,1.1025,1.2169,0.0028,0.1172,0,46,0
06/05/2015,16:00,1.0996,1.1396,1.0903,1.1134,1457753,-0.027711,-0.036802,0.009091,43.83,57.62,67.30,1.1045,1.2119,0.0089,0.0985,0,47,0
06/12/2015,16:00,1.1117,1.1401,1.1099,1.1275,852595,-0.024410,-0.034324,0.009913,47.06,64.90,63.93,1.1071,1.2070,0.0204,0.0795,0,48,0
